structure(list(x1 = c(7.2, 8.8, 7.6, 8.9, 4.6, 1.7, 3.3, 5.1, 
7.3, 9.9, 0.35, 1.5, 7.4, 0.011, 3.9, 4.6, 3.9, 4, 1.8, 9.5, 
4.5, 3.3, 9.7, 7.1, 6.4, 3.9, 7, 5.4, 2.3, 4.8, 7.9, 0.06, 1.9, 
6.8, 3.7, 3.6, 8.7, 9, 6.2, 1.3, 7.8, 4.3, 9.3, 7.7, 2.6, 3.2, 
0.6, 0.43, 0.55, 6.3, 9.6, 8.3, 3.2, 2.1, 7.3, 5, 7.3, 0.8, 4.4, 
2.4, 7.9, 2.6, 9.9, 7.6, 9.8, 2.2, 9.5, 1.5, 6, 9.5, 6.9, 5.1, 
3.7, 3.4, 0.48, 6.2, 9.6, 6.5, 5.1, 1.5, 8.7, 5.1, 0.086, 0.19, 
1.4, 3.1, 8.3, 5, 8, 0.61, 9.3, 8.1, 0.79, 6, 7.1, 5.1, 7.2, 
7.5, 0.96, 4), x2 = c(1.24, 4.79, 8.72, 4.8, 3.74, 7.93, 5.01, 
7.51, 0.762, 0.366, 4.7, 2.22, 6.31, 2.18, 6.74, 7.96, 8.82, 
4.47, -1.9, 1.53, 4.15, 3.66, -1.01, 5.52, 5.81, 6.8, 8.38, 0.0531, 
1.07, 6.52, -1.63, 5.39, 6.94, 5.29, 8.39, 7.62, 5.67, 0.0354, 
-0.927, 6.89, 3.74, 5.63, 0.38, 4.93, -0.383, 8.55, 8.89, 3.46, 
8.12, 2.09, 7.1, 4.15, 6.75, 1.87, 0.294, 6.63, 5.51, 2.75, 7.31, 
4.62, 6.15, 4.54, 7.37, 6.95, 2.18, 3.42, 8.93, -0.085, 7.18, 
2.35, 8.66, 0.0703, 6.24, 1.39, 2.17, 6.26, 5.75, 8.13, 6.75, 
7.12, -0.157, 2.51, 0.159, 0.853, 8.67, 6.93, 1.82, 8.32, -0.203, 
-0.275, 6.29, 7.75, 1.37, 1.42, 8.83, -1.92, 1.02, 6.78, 0.68, 
3.04), x3 = c(11.3, 14, 7.11, 10.6, 12, 12.9, 6.83, 6.61, 11, 
11.9, 8.66, 12.3, 9.4, 8.35, 14.5, 9.88, 8.94, 10.8, 11.6, 7.53, 
6.98, 6.97, 6.83, 10.8, 14.1, 12.4, 14.2, 9.93, 10.2, 11.4, 8.76, 
11.1, 10.3, 12.3, 12.6, 10.6, 14.9, 14.3, 10.3, 9.43, 14.4, 14.5, 
14.2, 13.1, 11.6, 12.1, 14.4, 10.8, 9.03, 13.1, 7.11, 14.6, 6.29, 
8.34, 13.9, 13.6, 6.15, 7.65, 7.04, 10.3, 14.5, 13.4, 13.3, 14.2, 
12.3, 6.75, 7.06, 13.1, 15, 12.2, 7.33, 8.86, 7.4, 15, 12.7, 
9.54, 11, 6.26, 9.03, 13.7, 7.14, 13.1, 6.88, 6.17, 8.48, 9.7, 
6.6, 13.2, 10.6, 10.7, 12.3, 13.5, 6.55, 9.03, 13.2, 8.55, 13.3, 
7.94, 11, 6.14), y = c(3L, 1L, 0L, 1L, 1L, 0L, 0L, 0L, 10L, 22L, 
0L, 1L, 1L, 1L, 0L, 0L, 0L, 0L, 31L, 8L, 0L, 2L, 65L, 0L, 0L, 
0L, 0L, 14L, 1L, 1L, 86L, 0L, 0L, 0L, 0L, 0L, 0L, 28L, 41L, 0L, 
1L, 0L, 32L, 0L, 12L, 0L, 0L, 1L, 0L, 1L, 0L, 0L, 0L, 2L, 19L, 
0L, 0L, 0L, 0L, 1L, 0L, 0L, 0L, 0L, 11L, 0L, 0L, 8L, 0L, 3L, 
0L, 14L, 0L, 1L, 2L, 0L, 1L, 0L, 0L, 0L, 26L, 1L, 4L, 1L, 0L, 
0L, 4L, 0L, 27L, 9L, 0L, 0L, 0L, 5L, 0L, 45L, 10L, 0L, 2L, 1L
)), class = "data.frame", row.names = c(NA, -100L))
