structure(list(speed = c(4, 4, 7, 7, 8, 9, 10, 10, 10, 11, 11, 
12, 12, 12, 12, 13, 13, 13, 13, 14, 14, 14, 14, 15, 15, 15, 16, 
16, 17, 17, 17, 18, 18, 18, 18, 19, 19, 19, 20, 20, 20, 20, 20, 
22, 23, 24, 24, 24, 24, 25), dist = c(1.97, 10.1, 4.04, 22.2, 
16.06, 10.04, 18.1, 25.8, 34.002, 17.1, 28.08, 14.1, 19.9, 24.05, 
28.1, 26.2, 33.8, 33.9, 46.06, 25.8, 36.2, 59.8, 79.8, 19.9, 
25.96, 53.8, 32.2, 39.96, 32.2, 40.1, 49.94, 41.9, 56.1, 76.2, 
83.8, 36.2, 45.97, 68.03, 31.95, 48.1, 52.01, 56.2, 64.04, 66.07, 
53.95, 69.8, 92.06, 92.97, 120.2, 84.8)), row.names = c(NA, -50L
), class = "data.frame")
