structure(list(x1 = c(4.5, 7.9, 5.9, 8.4, 6.3, 5.8, 7.7, 2, 5, 
6.9, 6.5, 7, 2.3, 5.9, 6.9, 9.8, 1, 3, 6.1, 1.3, 9.8, 1.2, 0.48, 
2.5, 4.3, 0.22, 9.4, 4.1, 8.8, 7.1, 3.9, 2.9, 6.9, 8.1, 0.51, 
8.7, 4.4, 5.5, 4, 8, 5.3, 9.5, 5.8, 6.4, 3.9, 0.45, 6.1, 4.3, 
9.8, 1.7, 9.7, 0.4, 2.6, 8, 5, 4.9, 6.2, 5.8, 0.9, 0.048, 6.1, 
4.5, 8.8, 7.1, 4.6, 4.2, 7, 8.5, 9.5, 3.9, 0.68, 0.49, 6.9, 5.4, 
2.5, 9.5, 2.5, 0.93, 4.1, 6, 5.7, 6.8, 2.5, 5.2, 7.6, 4.4, 4.4, 
3.6, 2.8, 9.7, 9.6, 9.3, 9.1, 2.6, 9.3, 6.8, 1.2, 9.2, 2.5, 0.48
), x2 = c(-0.444, -1.75, 0.0448, -0.0052, 4.62, 0.0686, 5.31, 
1.96, -0.649, 1.3, 3.56, 6.35, 4.1, 0.895, 7.31, 2.39, 0.515, 
6.48, 0.203, 1.6, 4.84, 1.43, -0.426, 3.48, 4.5, 6.97, 4.98, 
1.44, 0.626, 4.67, 7.34, 8.44, -1.18, 6.71, 0.552, 0.759, 5.7, 
3.72, -0.404, 1.18, 3.49, -1.98, -0.232, 8.69, 2.71, 0.523, 4.47, 
7.34, 4.85, 7.48, 0.157, 4.88, 4.5, 4.47, 2.65, 7.99, 5.17, 4.25, 
7.92, -0.351, 1.28, 5.34, 6.83, 8.7, 8.05, 0.452, 0.595, 2.25, 
-0.0759, -1.3, -1.28, -0.145, -1.81, -0.0331, 5.18, -1.19, 0.128, 
3.8, -1.57, 2.63, 1.08, 3.02, 6.2, 3.84, 8.94, 5.38, 6.3, -0.888, 
7.78, 6.22, 8.31, 8.43, -1.01, -0.821, 3.18, 7.53, 1.39, 2.49, 
5.9, 2.66), x3 = c(6.08, 6.75, 6.84, 7.98, 9.79, 9.9, 8.63, 10.2, 
7.94, 8.79, 9.67, 9.97, 10.6, 10.9, 8.35, 14, 9.22, 9.67, 9.9, 
6.51, 11, 13.7, 8.36, 9.31, 7.4, 6.35, 7.38, 7.93, 7.28, 13.4, 
11.1, 6.01, 7.2, 13.3, 12.2, 6.49, 14.5, 9.88, 13.7, 11.7, 14.2, 
8.12, 10.4, 7.18, 6.02, 14.2, 14.4, 9.01, 8.44, 9.39, 9.93, 14.2, 
11.6, 7.9, 7.21, 14.2, 14.1, 14.9, 7.58, 10.7, 6.4, 6.04, 12.8, 
7.62, 14.4, 9.25, 6.43, 10.5, 14.2, 7.28, 7.56, 6.83, 10.5, 6.34, 
7.8, 13.2, 7.14, 7.37, 14.1, 8.36, 9.28, 10.6, 13.3, 7.09, 9.62, 
12.4, 11.2, 9.65, 13, 9.75, 14, 8.25, 12.4, 8.27, 6.56, 13.3, 
11.2, 8.54, 12.1, 6.39), y = c(19L, 89L, 18L, 25L, 0L, 10L, 0L, 
2L, 21L, 6L, 1L, 0L, 0L, 7L, 0L, 3L, 2L, 0L, 16L, 1L, 1L, 1L, 
4L, 1L, 0L, 0L, 0L, 1L, 15L, 0L, 0L, 0L, 40L, 0L, 2L, 19L, 1L, 
0L, 17L, 10L, 0L, 166L, 17L, 0L, 1L, 4L, 0L, 0L, 2L, 0L, 26L, 
0L, 0L, 3L, 2L, 0L, 0L, 0L, 0L, 7L, 5L, 0L, 0L, 0L, 0L, 6L, 19L, 
1L, 36L, 28L, 18L, 5L, 62L, 15L, 0L, 60L, 3L, 0L, 28L, 4L, 4L, 
1L, 0L, 1L, 0L, 0L, 0L, 16L, 0L, 0L, 0L, 0L, 65L, 13L, 3L, 0L, 
1L, 4L, 0L, 0L)), class = "data.frame", row.names = c(NA, -100L
))
