structure(list(x1 = c(6.7, 7.3, 3.2, 6, 8.8, 2.4, 4.5, 2.4, 1, 
8.6, 0.7, 3.1, 2.9, 6.3, 0.88, 4.1, 2.9, 4.4, 8.3, 4.3, 1.9, 
7.8, 9.5, 8.2, 10, 1.1, 6.4, 3.6, 3.1, 1.8, 0.64, 6.5, 3.9, 3.6, 
1.7, 1.5, 7.5, 0.25, 3.4, 0.14, 5.2, 1.1, 5.9, 3.1, 1.2, 9.3, 
7.2, 2.4, 9.9, 8.9, 6.6, 1.1, 7.9, 7.7, 7, 6.9, 1.2, 3.7, 6.3, 
3.6, 0.43, 9.7, 3.2, 6.3, 9.4, 5, 9.8, 2.4, 0.8, 3.9, 7.5, 5.5, 
3.8, 5, 1, 5.3, 1.4, 0.52, 4.7, 2.5, 8.7, 1.7, 0.82, 4, 7.7, 
9.5, 9.2, 1, 3, 1.4, 6.2, 1, 4.4, 8.7, 6.9, 6.7, 3.8, 7.2, 2.8, 
3.4), x2 = c(3.85, 0.977, 0.711, -0.205, 8.66, 6.95, 6.5, 4.66, 
5.18, 3.07, 4.62, 8.6, 1, -0.923, 8.54, -1.07, -1.72, 6.76, 8.31, 
5.21, 6.39, 6.24, -0.95, -1.15, 0.232, 4.69, 2.78, 4.42, 7.98, 
3.4, 4.16, 7.93, 2.26, -0.947, 1.26, 0.681, 4.57, 3.21, 7.86, 
6.33, 0.581, 1.88, 1.36, -0.525, -0.845, 3.92, 6.83, 8.12, 6.38, 
3.12, 0.128, 6.08, 5.43, 1.76, 0.125, 0.306, -1.17, 4.9, -0.47, 
4.29, 4.97, 0.632, 3.44, 4.41, 6.25, -0.506, 3.43, 5.89, 0.791, 
4.96, 3.42, 7.06, 0.647, 7.39, 6.99, 1.54, 8.64, 4.78, 4.6, 7.51, 
1.73, 7.85, 5.91, 2.94, -1.94, -0.219, 6.92, 5.28, 2.16, 2.07, 
5.41, 1.63, 4.26, 1.05, 2.08, 5.05, 2.08, 0.706, 3.48, 8.7), 
    x3 = c(7.07, 8.33, 8.89, 6.33, 11.5, 12.1, 13.4, 12.3, 7.86, 
    10.1, 14.2, 7.23, 12.3, 6.13, 14.1, 7.4, 11.1, 9.35, 12.3, 
    13.3, 14, 10, 9.85, 10.8, 14.6, 11.8, 8.36, 14.1, 14.4, 12.8, 
    9.33, 8.8, 10.1, 11.5, 7.34, 13.8, 10.4, 14.2, 7.92, 14.3, 
    6.18, 11.8, 10.6, 6.06, 6.67, 9.76, 11.5, 14.3, 7.36, 10.2, 
    13.2, 8.9, 7.01, 9.7, 14.6, 10.1, 8.9, 9.28, 13.7, 9.58, 
    10.4, 6.49, 11, 14.5, 13.5, 10.8, 10.1, 6.3, 12.8, 8.51, 
    12.7, 14, 8.05, 9.75, 13.4, 10.4, 7.61, 11.7, 9.17, 6.7, 
    14.9, 13.9, 13.6, 9.66, 8.72, 10.8, 7.39, 12.6, 6.35, 10.6, 
    11.5, 14.3, 7.91, 12.1, 13.7, 9.3, 14.8, 11.7, 8.89, 12.8
    ), y = c(0L, 5L, 7L, 26L, 0L, 0L, 0L, 0L, 0L, 3L, 0L, 0L, 
    6L, 36L, 0L, 25L, 25L, 1L, 0L, 0L, 0L, 0L, 55L, 58L, 21L, 
    0L, 1L, 0L, 0L, 0L, 0L, 0L, 2L, 18L, 1L, 5L, 0L, 0L, 0L, 
    0L, 5L, 2L, 2L, 8L, 9L, 1L, 0L, 0L, 0L, 2L, 25L, 0L, 0L, 
    4L, 9L, 17L, 15L, 0L, 16L, 0L, 0L, 11L, 0L, 0L, 0L, 10L, 
    1L, 0L, 3L, 0L, 2L, 0L, 8L, 0L, 0L, 1L, 0L, 0L, 0L, 1L, 4L, 
    0L, 0L, 0L, 117L, 41L, 0L, 0L, 1L, 2L, 0L, 3L, 1L, 10L, 1L, 
    0L, 0L, 17L, 0L, 0L)), class = "data.frame", row.names = c(NA, 
-100L))
