structure(list(speed = c(4, 4, 7, 7, 8, 9, 10, 10, 10, 11, 11, 
12, 12, 12, 12, 13, 13, 13, 13, 14, 14, 14, 14, 15, 15, 15, 16, 
16, 17, 17, 17, 18, 18, 18, 18, 19, 19, 19, 20, 20, 20, 20, 20, 
22, 23, 24, 24, 24, 24, 25), dist = c(2.08, 10.1, 3.91, 22.05, 
16.2, 9.9, 17.97, 25.9, 33.8, 17.2, 27.8, 13.9, 19.9, 24.06, 
27.8, 25.95, 33.9, 33.97, 46.2, 25.96, 35.8, 60.1, 80.2, 20.2, 
26.2, 53.8, 32.07, 39.93, 31.91, 39.8, 49.8, 42.08, 55.95, 75.93, 
83.8, 35.8, 46.1, 67.8, 31.92, 47.8, 52.009, 55.8, 64.04, 65.91, 
53.8, 70.2, 92.1, 92.9, 120.2, 85.2)), row.names = c(NA, -50L
), class = "data.frame")
