structure(list(x1 = c(0.31, 5.4, 6.3, 4.8, 9.3, 0.45, 1.4, 7.6, 
4.4, 9.9, 3.2, 2.7, 2.2, 0.5, 4.6, 9.6, 8.8, 9.2, 9.3, 1.6, 6.7, 
3.6, 7.2, 8.6, 8.1, 1.1, 9.6, 2.4, 6.2, 6, 9.2, 9.5, 8.9, 3.8, 
6.3, 0.93, 3.1, 3, 3.4, 1.6, 8.4, 9.9, 4.8, 2.5, 7.3, 9, 3.5, 
10, 4.2, 2.7, 6, 3.5, 7.1, 8, 2.9, 0.85, 9.9, 8, 2, 1.4, 5.2, 
7.5, 1.7, 6.7, 2.6, 2.6, 5, 3.4, 4.9, 3, 8.8, 3, 0.84, 4.5, 0.16, 
8.2, 1.9, 7.9, 8.6, 9.3, 0.63, 6.8, 1.3, 9.3, 3.7, 4.1, 0.22, 
7.7, 5.3, 7.9, 2.8, 4.3, 3.3, 4.8, 9.4, 3.9, 4.1, 9.4, 3.2, 2.7
), x2 = c(-1.38, -0.364, 5.82, 3.21, 5.27, -1.6, 4.34, 1.73, 
0.363, 0.681, 5.86, 2.7, 8.02, 7.17, 7.69, 0.509, 1.36, -0.0227, 
3.68, -1.8, 4.79, 1.52, 7.09, -1.03, 2.16, -1.47, 8.2, 5.44, 
8.01, 8.85, 2.19, 1.6, -0.401, 3.35, -0.921, 3.28, -0.929, 0.468, 
2.48, 8.64, 8.69, 4.49, 1.91, 1.96, 5.46, 7.24, 7.12, 6.72, 6.53, 
8.98, 3.46, 2.73, 0.762, 8.21, 6.34, 6.06, 4.24, 8.62, 5.94, 
8.49, 0.763, 8.92, 2.09, -1.34, 4.12, 1.61, 8.13, 3.65, 4.84, 
-0.966, 1.29, 0.557, 0.537, 2.95, 2.49, 3.73, 5.17, 0.107, 0.0582, 
3.72, -1.79, 4.83, -1.34, 8.78, 0.75, -0.188, -1.74, 3.02, -0.0769, 
-0.784, -1.69, 0.41, 5.54, 4.94, 0.342, 0.229, 4.3, -1.79, 2.54, 
1.55), x3 = c(14, 6.46, 11, 8.8, 14.1, 12.1, 11.9, 10.2, 10.9, 
10.5, 7.21, 9.52, 7.52, 12.7, 11.2, 9.22, 10.3, 11.1, 7.52, 13.8, 
6.79, 6.51, 12.4, 10.4, 8.61, 10.6, 9.67, 9.95, 6.14, 11.1, 14, 
10.5, 7.65, 6.53, 7.76, 10.9, 8.43, 7.37, 8.34, 8.26, 11.2, 8.26, 
13.2, 8.73, 8.32, 12.2, 6.45, 11.3, 9.99, 8.63, 13.2, 11.4, 6.63, 
12.7, 6.01, 10.7, 7.31, 11.6, 8.2, 6.28, 9.98, 7.07, 14.7, 6.68, 
14.1, 7.56, 11.8, 10.8, 12.5, 11.6, 9.03, 7.44, 8.89, 10.2, 11.9, 
7.7, 6.71, 10.1, 6.48, 9.26, 11.6, 10.6, 7.58, 12.1, 12.3, 7.08, 
13.1, 10.9, 9.61, 11.1, 7.41, 7.09, 12.3, 8.56, 10.9, 13.4, 13.9, 
14.4, 6.44, 7.67), y = c(20L, 11L, 0L, 1L, 0L, 22L, 0L, 6L, 9L, 
15L, 1L, 0L, 0L, 0L, 0L, 23L, 10L, 33L, 2L, 31L, 1L, 4L, 0L, 
42L, 3L, 21L, 0L, 0L, 0L, 0L, 3L, 8L, 32L, 0L, 33L, 0L, 16L, 
6L, 2L, 0L, 0L, 0L, 5L, 2L, 0L, 0L, 0L, 0L, 0L, 0L, 2L, 2L, 3L, 
0L, 0L, 0L, 2L, 0L, 0L, 0L, 6L, 0L, 2L, 48L, 0L, 2L, 0L, 0L, 
0L, 17L, 8L, 5L, 4L, 1L, 1L, 0L, 0L, 13L, 27L, 0L, 16L, 0L, 17L, 
0L, 8L, 10L, 15L, 4L, 9L, 44L, 25L, 7L, 0L, 0L, 17L, 3L, 0L, 
118L, 2L, 1L)), class = "data.frame", row.names = c(NA, -100L
))
