structure(list(speed = c(4, 4, 7, 7, 8, 9, 10, 10, 10, 11, 11, 
12, 12, 12, 12, 13, 13, 13, 13, 14, 14, 14, 14, 15, 15, 15, 16, 
16, 17, 17, 17, 18, 18, 18, 18, 19, 19, 19, 20, 20, 20, 20, 20, 
22, 23, 24, 24, 24, 24, 25), dist = c(1.8, 10.02, 4.06, 21.991, 
16.2, 9.8, 17.8, 26.1, 33.97, 17.2, 27.91, 13.9, 19.9, 23.8, 
27.98, 26.2, 34.2, 34.2, 46.2, 25.8, 36.09, 59.93, 80.1, 20.2, 
26.2, 53.8, 32.2, 39.9, 32.06, 40.05, 50.2, 42.2, 56.2, 75.94, 
84.07, 35.8, 45.91, 67.9, 31.92, 47.8, 52.2, 56.2, 63.99, 65.9, 
54.1, 70.2, 91.92, 93.2, 119.96, 84.9)), row.names = c(NA, -50L
), class = "data.frame")
