structure(list(speed = c(4, 4, 7, 7, 8, 9, 10, 10, 10, 11, 11, 
12, 12, 12, 12, 13, 13, 13, 13, 14, 14, 14, 14, 15, 15, 15, 16, 
16, 17, 17, 17, 18, 18, 18, 18, 19, 19, 19, 20, 20, 20, 20, 20, 
22, 23, 24, 24, 24, 24, 25), dist = c(2.008, 10.1, 3.8, 21.97, 
15.97, 9.96, 17.96, 26.2, 34.1, 17.2, 27.9, 13.8, 20.2, 23.998, 
27.8, 26.2, 34.2, 34.1, 46.2, 26.1, 35.92, 60.1, 79.999, 19.92, 
25.8, 54.2, 31.8, 40.01, 31.9, 39.9, 50.004, 41.8, 56.2, 75.9, 
84.08, 35.93, 45.95, 67.8, 32.2, 47.8, 51.96, 55.8, 64.07, 65.8, 
53.8, 70.2, 91.97, 93.1, 120.02, 85.1)), row.names = c(NA, -50L
), class = "data.frame")
