structure(list(x1 = c(5.2, 7.7, 1.5, 4.4, 4.4, 4.2, 4.2, 9.6, 
7.1, 9.7, 2.3, 1.5, 9.7, 5, 0.59, 8.7, 8.1, 7.5, 8.8, 6.9, 3.4, 
7.9, 5, 3.3, 1.4, 9.2, 0.75, 5.3, 2.2, 2.1, 5.1, 0.42, 9.6, 2.4, 
6.7, 3.7, 4, 0.91, 9.9, 0.6, 4.2, 0.16, 6.5, 1.4, 0.49, 9.9, 
4.4, 7.6, 5.3, 7.2, 1.1, 6.4, 8.6, 3.5, 9.5, 3.6, 3.1, 3.8, 9.1, 
4.1, 6.4, 1.4, 7.3, 4.5, 5.4, 8.5, 4.4, 5.1, 1.5, 8.5, 1.9, 3.5, 
0.58, 8.8, 8.2, 3.9, 3.8, 1, 0.48, 3.9, 5.9, 8.6, 1.9, 8.9, 5.1, 
7.2, 2, 1.9, 8.4, 9.9, 5.2, 5.4, 8.1, 1.9, 9.3, 7.8, 4.8, 3.4, 
1.9, 8.5), x2 = c(-1.04, 0.857, 1.44, 0.698, 6.33, -1.58, -0.651, 
-0.421, 6.8, -0.824, -1.44, -1.93, 6.81, -1.65, 3.11, -0.0886, 
2.59, 7.27, 6.69, -1.98, 1.24, 4.04, 8.75, 5.76, 8.48, 5.67, 
1.68, 5.09, 5.53, 0.679, -1.95, 4.96, 1.88, 3.66, 0.675, 8.69, 
4.78, 6.9, 7.83, 1.76, 5.46, 3.04, -1.29, 6.79, -1.6, 2.19, 5.79, 
3.79, 8.67, 7.28, 2.13, -0.674, 2.97, 4.93, 1.23, -0.359, 4.15, 
9, 8.06, 7.33, -1.5, -0.697, -1.71, 8.1, 4.58, 4.23, 4.26, 8.2, 
4.43, -0.938, 5.78, 3.54, 2.88, 5.13, 6.56, 6.18, 8.36, -0.31, 
8.29, 2.6, 2.06, -0.645, 2.03, 4.87, 5.17, 2.48, -1.33, 5.17, 
5.92, 5.97, 1.82, 6.75, -1.31, 3.75, 8.71, 3.55, -1.42, 5.79, 
-1.84, -1.79), x3 = c(13.5, 10.8, 13.1, 6.9, 6.56, 6.58, 7.16, 
11.7, 12.7, 7.2, 6.71, 12, 9.41, 14, 13.1, 7.66, 11.2, 7.43, 
7.77, 7.12, 12.2, 14.6, 12.5, 11.5, 11.9, 11.4, 6.52, 7.72, 8.2, 
12, 13, 12.9, 9.4, 12.1, 7.21, 11.3, 10.8, 14.9, 9.82, 13.4, 
11.6, 11.4, 6.26, 6.53, 14.7, 7.05, 6.47, 11.5, 12.9, 14, 14.3, 
12.5, 11.8, 6.59, 7.8, 9.41, 12.8, 12.3, 8.68, 9.01, 14.3, 8.62, 
11.8, 12.8, 8.55, 11.7, 12.8, 13.5, 9.2, 8.95, 7.49, 9.19, 9.66, 
11.2, 6.67, 14.3, 8.28, 13.4, 11, 12.1, 10.6, 10.2, 9.46, 6.25, 
14.2, 8.49, 14, 10.2, 11.2, 10.7, 10.4, 9.26, 14.2, 6.58, 13, 
11.2, 8.73, 13.3, 6.42, 13), y = c(23L, 15L, 4L, 3L, 0L, 37L, 
10L, 50L, 0L, 66L, 23L, 23L, 1L, 51L, 1L, 26L, 5L, 0L, 1L, 95L, 
1L, 1L, 0L, 0L, 0L, 2L, 1L, 0L, 0L, 3L, 62L, 0L, 6L, 1L, 3L, 
0L, 0L, 0L, 0L, 4L, 0L, 0L, 34L, 0L, 24L, 5L, 0L, 1L, 0L, 0L, 
0L, 21L, 2L, 0L, 12L, 17L, 1L, 0L, 0L, 0L, 55L, 12L, 68L, 0L, 
0L, 1L, 0L, 0L, 0L, 56L, 0L, 1L, 0L, 0L, 0L, 0L, 0L, 9L, 0L, 
1L, 2L, 36L, 0L, 1L, 0L, 2L, 26L, 0L, 0L, 0L, 3L, 0L, 55L, 1L, 
0L, 1L, 36L, 0L, 26L, 107L)), class = "data.frame", row.names = c(NA, 
-100L))
