structure(list(speed = c(4, 4, 7, 7, 8, 9, 10, 10, 10, 11, 11, 
12, 12, 12, 12, 13, 13, 13, 13, 14, 14, 14, 14, 15, 15, 15, 16, 
16, 17, 17, 17, 18, 18, 18, 18, 19, 19, 19, 20, 20, 20, 20, 20, 
22, 23, 24, 24, 24, 24, 25), dist = c(1.97, 10.1, 3.98, 22.1, 
15.8, 9.8, 18.2, 26.2, 34.1, 16.91, 28.06, 13.9, 19.8, 24.08, 
28.02, 26.07, 34.2, 33.95, 45.92, 26.09, 35.8, 60.2, 79.8, 19.98, 
25.8, 53.9, 31.8, 39.8, 31.9, 40.1, 50.002, 41.94, 55.92, 75.95, 
83.9, 35.96, 45.8, 68.2, 32.1, 48.05, 51.8, 55.97, 64.1, 65.8, 
54.1, 69.8, 91.99, 92.8, 120.02, 85.05)), row.names = c(NA, -50L
), class = "data.frame")
