structure(list(x1 = c(4.3, 7.5, 4.5, 7.2, 0.6, 0.67, 8.3, 8.2, 
7.2, 3.1, 6.1, 2.8, 1.7, 6.5, 5.3, 6.3, 8.1, 4.1, 3.4, 6.8, 0.87, 
9.7, 0.46, 4.6, 0.2, 2.1, 0.82, 0.78, 2.2, 7.7, 5, 3.8, 3.4, 
4.1, 2.7, 4.1, 1.7, 9.1, 7.5, 6, 1.3, 4.3, 7.7, 0.32, 7.9, 1.5, 
4.8, 0.76, 5.5, 6, 8.3, 3.2, 4, 8.5, 7.5, 8.6, 1.9, 2.3, 4, 4.4, 
0.31, 9.1, 5.9, 3.8, 6.6, 5.2, 9.5, 1.2, 2.1, 7.6, 8.6, 5.2, 
4.5, 6.2, 2.7, 3.4, 0.59, 6.4, 2.3, 1.8, 3.7, 4.2, 7.4, 7.7, 
3.3, 9, 1.6, 4.2, 4.3, 4.7, 1.1, 3.6, 2.3, 7.3, 2.4, 8.5, 4.7, 
8, 8.5, 2.1), x2 = c(2.77, 6.12, -0.883, 1.4, -0.223, 2.33, -0.295, 
-0.507, 6.8, 2.97, 4.34, 7.83, 4.54, 6.47, 1.52, 8.91, 5.79, 
3.63, 1.04, 1.68, 8.97, 8.81, 3.62, 6.34, -0.535, 8.22, 0.278, 
2.78, 3.9, 1.87, 0.025, 6.21, 8.23, 5.68, 0.649, 0.0344, 4.77, 
0.879, 3.5, -0.814, 6.87, 6.66, 8.98, 8.12, 1.99, -1.45, 7.72, 
5.66, 7.07, -1.72, 6.61, -1.75, 4.05, -1.32, 7.31, 2.24, -0.789, 
4.57, 3.07, -1.94, 0.658, 0.931, 1.4, -1.99, 1.77, 0.035, 2.64, 
-1.42, 6.21, 3.8, 8.7, 7.69, 4.4, 6.82, 7.86, 5.04, 6.11, 8.97, 
1.6, 5.26, 3.57, 2.75, 5.48, 6.77, 6.1, 3.54, -0.475, 5.59, 0.883, 
6.22, 7.25, 5.59, 8.66, -0.124, 2.47, 3.08, 1.99, 2.37, 0.75, 
4.12), x3 = c(12, 8.86, 7.72, 14.9, 13.3, 11.9, 7.39, 6.07, 9.97, 
13.5, 14.5, 7.31, 8.22, 11, 10.9, 13.3, 7.4, 8.61, 8.81, 8.31, 
14, 14.1, 11.1, 6.25, 12.4, 11.6, 12.4, 9.9, 9.4, 6.66, 9.27, 
10.5, 10.8, 13.7, 7.44, 12.3, 14.8, 14.4, 8.99, 12.7, 12.4, 10.5, 
8.99, 14.9, 9.41, 11.4, 13.3, 12.8, 6.95, 13.5, 6.31, 12.9, 11.1, 
13.4, 6.8, 14.5, 7.04, 7.6, 9.32, 14.4, 8.61, 6.8, 13.7, 13.1, 
11.3, 12.1, 9.43, 8.48, 13.3, 7.62, 13.2, 12.8, 12.9, 12.5, 13.9, 
10.3, 9.78, 14.9, 14.9, 6.89, 9.32, 8.57, 13.3, 10.1, 11.5, 12, 
11.6, 13.9, 11.5, 8.85, 13.5, 13.8, 7.34, 10.5, 10.4, 8.93, 11.2, 
9.04, 8.69, 13.7), y = c(4L, 0L, 28L, 4L, 7L, 1L, 28L, 38L, 0L, 
0L, 0L, 0L, 1L, 0L, 5L, 1L, 0L, 1L, 2L, 8L, 0L, 0L, 0L, 0L, 8L, 
0L, 7L, 0L, 1L, 2L, 8L, 0L, 0L, 1L, 5L, 10L, 0L, 11L, 2L, 24L, 
0L, 0L, 0L, 0L, 5L, 16L, 0L, 1L, 0L, 66L, 0L, 32L, 0L, 49L, 0L, 
2L, 9L, 0L, 1L, 43L, 4L, 21L, 1L, 46L, 4L, 11L, 4L, 21L, 0L, 
0L, 0L, 0L, 0L, 0L, 0L, 1L, 0L, 0L, 2L, 0L, 0L, 2L, 0L, 0L, 0L, 
0L, 10L, 0L, 5L, 0L, 0L, 1L, 0L, 15L, 0L, 2L, 4L, 4L, 15L, 0L
)), class = "data.frame", row.names = c(NA, -100L))
