structure(list(x1 = c(2.8, 4.7, 4.6, 8.4, 8.3, 4.1, 5.6, 9.2, 
8.4, 4.6, 4.3, 4.8, 8.5, 1.1, 0.9, 6.7, 1.8, 5.9, 4.2, 6.9, 7.1, 
4.2, 5.9, 3.5, 2.8, 2.5, 2.1, 6.4, 7.6, 6.9, 2.5, 6.6, 9.6, 7, 
2.5, 6.4, 2.2, 4.9, 2.5, 3, 7.6, 1.5, 4.2, 8.9, 7.5, 2.5, 3.4, 
0.078, 1.9, 8.6, 3.1, 8.2, 5.3, 0.46, 9.4, 7.8, 4.8, 6.9, 0.5, 
1.6, 9, 6.3, 2.7, 7.5, 0.64, 3.1, 5.2, 4.8, 0.98, 1.8, 0.99, 
8.5, 6.9, 8.8, 8.9, 4.6, 8.6, 0.92, 7.1, 4.7, 8.5, 2.4, 7.5, 
10, 5.7, 5.8, 6.1, 6.9, 0.66, 2.2, 8.5, 2.2, 4.6, 2.1, 8.5, 9.7, 
7.9, 5.2, 8.6, 4.2), x2 = c(2.96, 5.21, -0.635, 7.31, 8.03, -0.714, 
-0.487, 2.25, 4.74, 1.62, 0.772, 4.08, 0.0301, 2.13, -1.55, 3.86, 
6.43, 1.8, 7.46, 0.747, -1.46, 5.98, 4.41, 6.19, 7.77, 5.89, 
1.63, -0.678, -0.181, 2.02, 2.75, -1.13, 7.57, -1.33, 5.91, -1.5, 
4.24, 6.58, 3.37, 0.296, 2.44, 2.45, 5.96, 0.313, 6.17, 1.06, 
5.02, 2, 8.04, 8.04, 0.766, 3.6, 1.54, 4.55, 7.09, 3.35, 1.9, 
4.31, 3.14, 0.21, -0.998, -1.07, -1.39, 5.75, 4, 2.51, -0.234, 
4.52, 8.15, -0.721, -1.69, 7.73, 2.98, -1.91, 4.27, 6.04, 7.58, 
6.91, 5.22, 4.36, 6.53, 4.46, -1.64, 1.87, -0.603, 1.5, 7.62, 
3.16, 6.59, -1.57, 3.77, 6.16, 4.08, 1.98, 1.93, 8.64, 5.3, 0.29, 
7.38, 3.73), x3 = c(11.7, 6.98, 11.9, 8.59, 6.86, 7.31, 7.89, 
12.4, 12.5, 11.7, 10.8, 6.6, 9.11, 12.6, 8.61, 13.7, 14.3, 13, 
10.5, 14.1, 6.34, 7.32, 14.1, 13.1, 14.7, 12.7, 9.76, 6.38, 6.28, 
11.9, 7.38, 13.6, 6.67, 7.66, 11.2, 7.28, 14.3, 6.59, 14.7, 14.6, 
9.8, 10, 10.7, 12.1, 12.9, 7.79, 10.6, 11.1, 14.2, 7.26, 14.7, 
6.28, 12.3, 8.5, 9.88, 7.65, 7.89, 9.67, 6.36, 8.78, 9.2, 6.57, 
14, 7.41, 9.35, 11.7, 11.1, 9.11, 9.28, 9.33, 11.6, 14.8, 6.31, 
14.8, 7.62, 11.8, 13.8, 12.8, 12.8, 7.2, 10.2, 7.08, 7.88, 12.2, 
6.74, 9.63, 11, 13.9, 11.3, 9.53, 14.5, 13.3, 11.5, 11, 7.56, 
13.1, 6.43, 10.3, 11.6, 11.2), y = c(0L, 0L, 14L, 0L, 0L, 14L, 
16L, 5L, 0L, 4L, 4L, 0L, 27L, 5L, 12L, 1L, 0L, 1L, 0L, 8L, 71L, 
0L, 0L, 0L, 0L, 0L, 2L, 38L, 24L, 6L, 1L, 43L, 0L, 41L, 0L, 61L, 
1L, 0L, 1L, 5L, 4L, 0L, 0L, 17L, 0L, 1L, 0L, 2L, 0L, 0L, 4L, 
0L, 1L, 0L, 0L, 2L, 6L, 1L, 2L, 6L, 54L, 30L, 19L, 1L, 0L, 0L, 
13L, 1L, 0L, 10L, 23L, 0L, 2L, 127L, 5L, 0L, 0L, 0L, 0L, 2L, 
0L, 0L, 85L, 6L, 26L, 4L, 0L, 3L, 0L, 15L, 0L, 0L, 1L, 1L, 6L, 
0L, 0L, 13L, 0L, 1L)), class = "data.frame", row.names = c(NA, 
-100L))
