structure(list(speed = c(4, 4, 7, 7, 8, 9, 10, 10, 10, 11, 11, 
12, 12, 12, 12, 13, 13, 13, 13, 14, 14, 14, 14, 15, 15, 15, 16, 
16, 17, 17, 17, 18, 18, 18, 18, 19, 19, 19, 20, 20, 20, 20, 20, 
22, 23, 24, 24, 24, 24, 25), dist = c(1.9, 9.98, 3.98, 22.2, 
16.2, 9.95, 18.03, 26.2, 34.2, 16.98, 27.97, 13.991, 20.2, 23.8, 
27.8, 26.09, 33.8, 34.05, 45.96, 26.09, 36.1, 59.96, 80.05, 19.93, 
25.9, 53.9, 31.9, 40.07, 32.1, 40.09, 49.9, 42.08, 56.2, 76.1, 
83.9, 36.07, 45.9, 67.993, 31.9, 47.9, 52.1, 55.8, 63.96, 66.2, 
54.1, 69.9, 91.92, 92.8, 119.8, 85.2)), row.names = c(NA, -50L
), class = "data.frame")
