structure(list(speed = c(4, 4, 7, 7, 8, 9, 10, 10, 10, 11, 11, 
12, 12, 12, 12, 13, 13, 13, 13, 14, 14, 14, 14, 15, 15, 15, 16, 
16, 17, 17, 17, 18, 18, 18, 18, 19, 19, 19, 20, 20, 20, 20, 20, 
22, 23, 24, 24, 24, 24, 25), dist = c(1.8, 9.97, 3.96, 22.3, 
16.3, 9.91, 18.06, 26.4, 34.3, 16.96, 27.93, 13.98, 20.4, 23.6, 
27.6, 26.2, 33.7, 34.09, 45.92, 26.2, 36.2, 59.92, 80.09, 19.9, 
25.8, 53.8, 31.7, 40.1, 32.3, 40.2, 49.8, 42.2, 56.5, 76.2, 83.8, 
36.1, 45.7, 67.99, 31.8, 47.8, 52.3, 55.6, 63.92, 66.4, 54.3, 
69.8, 91.8, 92.5, 119.7, 85.4)), row.names = c(NA, -50L), class = "data.frame")
