structure(list(speed = c(4, 4, 7, 7, 8, 9, 10, 10, 10, 11, 11, 
12, 12, 12, 12, 13, 13, 13, 13, 14, 14, 14, 14, 15, 15, 15, 16, 
16, 17, 17, 17, 18, 18, 18, 18, 19, 19, 19, 20, 20, 20, 20, 20, 
22, 23, 24, 24, 24, 24, 25), dist = c(2.07, 9.9, 4.05, 21.8, 
16.2, 10.07, 18.2, 26.2, 33.9, 16.92, 27.8, 13.9, 20.1, 23.9, 
28.2, 25.9, 34.1, 34.1, 46.2, 26.08, 35.9, 59.8, 79.8, 19.95, 
25.8, 54.1, 32.2, 40.2, 31.9, 40.08, 49.97, 42.06, 55.8, 76.1, 
84.1, 36.2, 46.04, 68.1, 32.03, 47.93, 52.08, 56.2, 63.8, 66.2, 
54.2, 70.1, 91.9, 92.8, 120.2, 84.98)), row.names = c(NA, -50L
), class = "data.frame")
