structure(list(x1 = c(6.4, 2, 5.9, 1, 9, 6.3, 9.2, 9.3, 3, 3.5, 
1.1, 2.7, 7.5, 3.1, 8.7, 2.5, 7.2, 7.9, 8.6, 6.6, 2.1, 1, 1.6, 
4.1, 0.46, 7.6, 8.5, 8.9, 2.2, 6.6, 4.3, 6.3, 0.47, 7.4, 7.4, 
9.6, 5.9, 7.8, 5.7, 3.6, 6.5, 9.4, 0.63, 8.5, 8.9, 7.4, 2.5, 
0.68, 9.1, 4.5, 4.1, 2.3, 9.7, 4.2, 4.6, 8.3, 8.5, 3.3, 8.4, 
1.3, 5.1, 4.3, 8.4, 9.3, 1.8, 3.4, 0.67, 7.1, 6.6, 9, 7.6, 2.8, 
2, 3.4, 5.3, 7.5, 0.75, 5.7, 7.7, 7.1, 6.1, 0.99, 5.9, 9, 5.6, 
0.5, 1.2, 2.6, 2.6, 1.9, 5.8, 10, 0.65, 0.52, 3.1, 3.3, 6.3, 
7.7, 0.38, 4.6), x2 = c(5.36, -1.62, 7.66, 4.26, 2.67, 0.893, 
6.4, 8.85, 1.56, -0.105, 3.5, 4.14, -1.06, 8.53, 1.58, 3.19, 
-1.27, 6.24, 5.66, 1.23, 8.08, 7.19, 0.809, 4.67, -1.06, -1.3, 
6.15, 1.23, 2.56, -0.78, 3.81, -1.44, -0.134, 0.81, 8.62, -0.219, 
8.02, 4.43, 4.8, 2.58, 2.5, 3.21, -0.797, 7.68, 5.58, 2.76, 2.86, 
4.38, -0.228, 6.62, -1.46, 8.76, 5.48, 1.06, 8.19, 3.23, 0.493, 
8.75, 6.57, 6.23, -1.76, 6.03, 3.23, 1.35, 3.46, 0.626, -1.69, 
-0.818, -0.563, 2.55, 6.27, -1.15, 3.92, 3.39, 2.43, -1.84, 2.22, 
6.93, 3.83, 7.28, 2.12, 6.56, -0.898, 5.33, 8.3, 5.82, 2.98, 
0.736, 8.51, 0.28, 4.31, 4.14, 4.03, 6.44, 3.66, 7.47, 5.84, 
5.02, 5.61, 0.0538), x3 = c(12.9, 12.5, 6.31, 11.8, 6.88, 8.81, 
9.82, 13, 11.6, 8.42, 14, 7.42, 13, 11.9, 8.88, 8.74, 14.6, 9.19, 
10.9, 7.75, 7.53, 7.51, 6.47, 6.65, 10, 9.21, 10.9, 6.35, 14.4, 
11, 15, 6.31, 6.24, 14.1, 6.89, 6.5, 11.8, 10.2, 6.89, 10.3, 
12.4, 10.5, 12.7, 14.2, 10.7, 14.4, 11.3, 6.07, 8.24, 9.9, 9.71, 
9.41, 7.43, 12.1, 8.34, 6.86, 7.39, 14.2, 11.4, 7.49, 9.21, 11, 
7.3, 14.2, 11.8, 9.94, 11.3, 11.9, 14.9, 11, 13.9, 8.94, 12.2, 
7.39, 6.87, 12.6, 6.83, 10.1, 6.36, 14.3, 8.38, 11.6, 8.67, 11.8, 
11, 7.36, 7.34, 8.67, 12.2, 13.8, 13.5, 9.21, 14.6, 13.8, 13.8, 
8.8, 12.8, 8.45, 13.1, 8.31), y = c(1L, 27L, 0L, 0L, 5L, 4L, 
0L, 0L, 1L, 10L, 1L, 0L, 54L, 0L, 5L, 2L, 63L, 1L, 0L, 5L, 0L, 
0L, 2L, 0L, 14L, 70L, 0L, 9L, 2L, 32L, 0L, 55L, 12L, 17L, 0L, 
26L, 0L, 2L, 0L, 1L, 1L, 2L, 9L, 0L, 0L, 7L, 0L, 0L, 31L, 0L, 
29L, 0L, 0L, 6L, 0L, 3L, 17L, 0L, 0L, 0L, 45L, 0L, 2L, 6L, 0L, 
6L, 20L, 37L, 25L, 5L, 0L, 19L, 0L, 1L, 3L, 83L, 1L, 0L, 3L, 
0L, 4L, 0L, 37L, 0L, 0L, 0L, 0L, 5L, 0L, 3L, 0L, 3L, 1L, 0L, 
0L, 0L, 0L, 0L, 0L, 3L)), class = "data.frame", row.names = c(NA, 
-100L))
