structure(list(x1 = c(9.3, 9.6, 0.67, 9.6, 2.1, 3.7, 3.9, 5.1, 
9.5, 9.7, 4.5, 7.5, 6.3, 6.7, 6.2, 6.6, 7.1, 0.87, 7.4, 8.7, 
2.8, 8.4, 2.8, 10, 2.1, 6.3, 8.4, 1.3, 8.2, 7.8, 0.51, 8.3, 9.5, 
5.2, 1.3, 4.5, 7.8, 6.8, 0.82, 7.1, 5.8, 6.3, 4, 5.4, 8.9, 7.6, 
7.8, 3.8, 9.8, 3.5, 7.3, 5.3, 8.4, 3.9, 9.5, 4.1, 2.1, 3, 3.1, 
4.5, 5.6, 8, 3.7, 4.1, 4, 7.3, 6.8, 6.7, 1.5, 6, 0.042, 6.5, 
7.3, 4.6, 1.3, 0.57, 8.5, 2.5, 4.9, 5.4, 4.8, 7.6, 7.4, 4.7, 
0.62, 6.9, 6, 9.9, 9.9, 0.21, 1.8, 4.4, 9.2, 8.4, 7.3, 6.1, 5.2, 
6.7, 3.8, 1.4), x2 = c(7.05, 2.65, 6.45, -0.924, 7.03, 1.88, 
7.21, 1.77, 2.41, 4.57, 3.57, 4.69, 8.26, -1.01, -1.79, 3.31, 
5.74, 4.99, 8.65, 1.84, 2.16, -1.89, 0.0373, 3.07, 3.6, 8.1, 
-0.861, 1.39, -0.957, 3.93, 7.99, 7.03, 4.64, 8.14, 6.09, 0.065, 
3.42, -0.676, 8.58, 8.17, 7.97, -0.0371, 1.09, -0.562, 1.61, 
4.46, 1.17, 7.66, -0.0321, 0.416, 3.91, 1.58, 1.44, 0.905, 3.27, 
3.85, -2, 6.29, -1.78, 6.01, 3.08, 2.03, 4.08, 2.29, 8.11, 2.37, 
1.28, 4.11, 0.722, 3.17, 6.57, 1.46, 0.66, 8.64, 6.32, -0.982, 
4.18, 6.04, 8.16, 5.24, 7.2, 7.15, -0.652, 7.72, 4.49, 5.38, 
7.15, 7.53, 2.52, 8.55, 4.73, 8.9, 8.3, 5.33, 1.12, 2.32, 4.43, 
2.54, 2.71, 8.76), x3 = c(8.63, 7.58, 9.43, 10.9, 12.4, 6.44, 
6.61, 14.3, 6.51, 14.7, 6.07, 11.3, 14.1, 7.54, 10, 12.8, 11.6, 
9.8, 14.2, 14.2, 11.4, 7.03, 9.96, 11.1, 6.54, 12.6, 7.91, 13.4, 
7.45, 9.93, 14, 8.43, 6.95, 14.2, 14.2, 10.5, 12.4, 6.82, 7.01, 
12.8, 11.9, 7.13, 7.44, 12.5, 12.2, 10.1, 10.7, 9.43, 8.44, 7.71, 
13.1, 8.32, 9.23, 13.4, 12.1, 12.1, 9.15, 6.65, 11.2, 9.16, 11.9, 
10.8, 8.43, 8.71, 14.4, 13.4, 14, 12.1, 7.41, 14.7, 12.4, 9.38, 
14.9, 11.6, 11, 6.72, 10.7, 11, 12.5, 13.7, 13.8, 9.95, 12.7, 
11.9, 8.08, 10.4, 13.9, 8.19, 9.2, 6.94, 7.09, 12.8, 11, 10.7, 
11.8, 11.6, 10.4, 13.7, 12.5, 11), y = c(1L, 6L, 0L, 50L, 0L, 
5L, 0L, 4L, 7L, 0L, 0L, 0L, 0L, 44L, 58L, 3L, 0L, 0L, 0L, 9L, 
3L, 121L, 6L, 2L, 0L, 0L, 55L, 2L, 49L, 1L, 0L, 0L, 1L, 0L, 0L, 
8L, 2L, 21L, 0L, 0L, 0L, 17L, 7L, 22L, 5L, 0L, 9L, 0L, 27L, 6L, 
1L, 7L, 4L, 3L, 6L, 0L, 39L, 0L, 43L, 0L, 0L, 3L, 1L, 2L, 0L, 
0L, 2L, 2L, 3L, 0L, 0L, 6L, 10L, 0L, 0L, 7L, 0L, 0L, 0L, 0L, 
0L, 0L, 27L, 0L, 0L, 0L, 0L, 0L, 4L, 0L, 1L, 0L, 0L, 1L, 10L, 
3L, 1L, 3L, 2L, 0L)), class = "data.frame", row.names = c(NA, 
-100L))
