structure(list(speed = c(4, 4, 7, 7, 8, 9, 10, 10, 10, 11, 11, 
12, 12, 12, 12, 13, 13, 13, 13, 14, 14, 14, 14, 15, 15, 15, 16, 
16, 17, 17, 17, 18, 18, 18, 18, 19, 19, 19, 20, 20, 20, 20, 20, 
22, 23, 24, 24, 24, 24, 25), dist = c(2.2, 10.2, 3.8, 22.2, 15.9, 
9.93, 17.94, 26.006, 34.2, 17.2, 27.97, 14.1, 20.06, 24.08, 28.06, 
26.08, 34.1, 33.8, 46.1, 26.2, 35.9, 60.2, 79.9, 20.2, 25.9, 
54.07, 32.2, 39.8, 32.2, 40.1, 49.8, 42.2, 56.2, 76.01, 83.8, 
35.97, 46.1, 68.09, 31.8, 48.1, 52.04, 56.06, 63.95, 66.02, 54.2, 
70.1, 92.1, 92.94, 120.2, 84.93)), row.names = c(NA, -50L), class = "data.frame")
