structure(list(speed = c(4, 4, 7, 7, 8, 9, 10, 10, 10, 11, 11, 
12, 12, 12, 12, 13, 13, 13, 13, 14, 14, 14, 14, 15, 15, 15, 16, 
16, 17, 17, 17, 18, 18, 18, 18, 19, 19, 19, 20, 20, 20, 20, 20, 
22, 23, 24, 24, 24, 24, 25), dist = c(2.2, 9.95, 4.08, 21.95, 
15.8, 10.07, 17.8, 26.2, 34.2, 17.1, 27.994, 14.2, 19.9, 24.2, 
28.2, 26.05, 33.92, 34.05, 45.91, 26.07, 36.1, 60.2, 80.2, 20.03, 
25.991, 54.2, 31.9, 40.08, 31.91, 40.2, 49.91, 41.96, 55.8, 76.2, 
83.8, 35.8, 45.9, 68.04, 32.01, 47.93, 52.2, 55.8, 63.8, 66.2, 
53.8, 69.8, 91.97, 92.9, 119.99992, 85.2)), row.names = c(NA, 
-50L), class = "data.frame")
