structure(list(x1 = c(8.3, 3.9, 6.7, 4, 1.6, 6.4, 1.7, 8.1, 9.4, 
7.9, 4.9, 9.1, 2.8, 9.3, 8.3, 6, 3.4, 5.9, 3.2, 6.3, 7.8, 9.1, 
9.8, 5.7, 4.8, 8.7, 2.4, 6.7, 3.3, 10, 3.1, 4.3, 1.1, 8.3, 0.38, 
1.5, 2, 5.9, 5.2, 3.6, 8.4, 0.45, 1.3, 9.6, 1.9, 1.5, 4.3, 2.3, 
5, 9.3, 5.4, 7.9, 0.079, 5, 8.4, 9.5, 8.3, 1.5, 3.9, 3, 7.5, 
2.4, 9, 4.7, 4.4, 6.6, 9.5, 7.5, 9, 2, 4.3, 9.8, 6.4, 8.3, 0.18, 
3.8, 3.2, 1.2, 2.7, 1.3, 2.3, 1, 4.1, 7.9, 5, 1.5, 8.8, 4.8, 
4.5, 2.6, 0.15, 8.6, 6.2, 2.9, 0.37, 0.051, 8.3, 1.5, 0.023, 
5.3), x2 = c(4.69, -1.57, -0.146, 3.41, 1.98, 7.24, 2.18, 7.34, 
7.46, 4.77, 1.46, 7.92, 0.417, -0.631, -0.397, 1.15, -0.143, 
7.56, 1.23, 5.02, 7.35, 8.52, 0.477, 2.56, 0.809, 2.51, -1.04, 
4.47, 2.1, 8.01, 2.56, -0.799, 2.35, -0.527, 6.77, 5.15, -0.536, 
3.1, 4.34, 2.01, 2.4, 6.6, 8.33, 1.33, 7.62, 5.34, 5.03, 6.56, 
0.0483, -1.1, 1.69, -1.06, -0.729, 1.13, 4.8, -0.197, 0.735, 
6.03, 4.12, 6, 2.62, 1.41, 3.65, 0.987, 1.74, -0.978, 5.35, 7.85, 
-1.01, -1.47, 6.45, -2, 1.7, 6.37, 6.8, -0.321, 5.42, 4.5, 5.24, 
-1.88, 7.72, 7.8, 6.82, 1.76, 7.95, -0.356, 3.31, 6.35, 8.52, 
5.97, 7.92, 8.89, 7.04, 7.78, 0.13, 6.96, 3.84, 7.99, 8.75, 7.69
), x3 = c(13.8, 12.3, 14.2, 13.4, 11.2, 10.1, 14.5, 10.8, 13.1, 
6.31, 13.5, 8.3, 11, 6.66, 8.96, 13.9, 11.9, 15, 12.1, 14.4, 
13.6, 8.57, 11.4, 8.23, 13.2, 11.8, 13.6, 10.1, 11.5, 11.7, 13.5, 
6.16, 14.2, 8.05, 8.16, 6.11, 10.2, 9.41, 11.3, 6.6, 9.6, 14.1, 
9.26, 11.1, 12.9, 7.99, 14.2, 13, 9.94, 10.2, 10.1, 8.15, 10.7, 
8.24, 8.41, 11.8, 8.52, 8.65, 6.52, 7.76, 7.62, 11.1, 7.97, 9.33, 
8.02, 10.9, 14.2, 13.5, 11.2, 7.32, 10.6, 9.82, 7.54, 14.6, 9.1, 
12.8, 9.08, 11, 8.09, 11.7, 9.77, 8.2, 7.64, 9.55, 12.7, 10.4, 
6.64, 11.1, 7.78, 9.05, 14.5, 6.21, 9.79, 9.79, 13.6, 9.11, 8.23, 
14.1, 12.1, 7.73), y = c(0L, 43L, 23L, 3L, 0L, 0L, 2L, 0L, 0L, 
0L, 1L, 0L, 10L, 44L, 24L, 3L, 5L, 0L, 4L, 0L, 0L, 0L, 17L, 2L, 
6L, 3L, 11L, 2L, 3L, 0L, 0L, 18L, 0L, 38L, 0L, 0L, 12L, 1L, 0L, 
4L, 3L, 0L, 0L, 4L, 0L, 1L, 0L, 0L, 14L, 49L, 2L, 55L, 11L, 6L, 
0L, 37L, 7L, 0L, 1L, 0L, 4L, 0L, 2L, 7L, 2L, 40L, 1L, 0L, 66L, 
17L, 1L, 143L, 8L, 0L, 0L, 12L, 0L, 0L, 0L, 34L, 0L, 0L, 1L, 
5L, 0L, 9L, 2L, 1L, 0L, 0L, 0L, 0L, 0L, 0L, 3L, 0L, 2L, 0L, 0L, 
0L)), class = "data.frame", row.names = c(NA, -100L))
