structure(list(x1 = c(5.8, 5.9, 7.5, 2.5, 4.2, 3.8, 4.4, 2.6, 
9.6, 0.56, 1.2, 9.6, 3.6, 3.4, 5, 8.2, 6, 5.5, 1.6, 0.54, 1.6, 
1.9, 8, 9.1, 9.5, 3, 6.1, 6.8, 1.6, 9.6, 8.1, 7.1, 9.6, 4.2, 
3.4, 9.3, 0.43, 3.3, 2.5, 2.8, 6.2, 2.6, 8.2, 5.1, 7.5, 7, 4.4, 
0.7, 3.2, 6, 4.3, 0.45, 8.4, 2.1, 5.5, 4.4, 4.5, 8.5, 7.7, 2.8, 
6.4, 7.9, 4.9, 6.2, 3.5, 7.9, 9.3, 8.2, 3.4, 9.6, 4.3, 0.42, 
5.3, 6.7, 2.2, 5.6, 2.2, 6.9, 8.7, 5.5, 8.2, 2, 8.7, 2.6, 2, 
5.8, 3.4, 9.5, 4.2, 8.8, 4.1, 1.8, 9.3, 3.2, 4.7, 7.4, 5.7, 3.2, 
3.3, 2.8), x2 = c(-0.107, -1.72, -1.61, 5.89, 8, -0.274, 1.97, 
1.05, 8.27, 1.06, 5.89, 2.83, 6.85, -0.565, 7.72, 5.64, 8.75, 
-1.58, 5.19, -0.213, 8.66, 5.91, 8.04, 3.46, 1.38, -1.16, -1.7, 
-1.48, 2.46, -1.87, 5.84, -1.24, 7.49, 0.244, 2.79, -1.3, 5.69, 
5.38, 8.08, 7.68, 7.74, 3.47, 0.746, 8.09, 1.35, -1.72, 0.901, 
-1.38, 7.71, 1.83, 1.9, 1.67, 6.13, -0.793, 3.45, 3.3, 1.85, 
-1.07, 5.88, 7.61, 7.58, 1.67, 4.93, -1.29, 7.56, 5.1, -1.44, 
1.95, 6.95, 2.65, 5.35, 7.53, -0.593, 6.27, 3.11, 2.49, 0.837, 
6.76, 0.501, 7.79, -0.675, 0.184, 3.5, 8.21, 8.07, 0.397, 2.81, 
3.03, 5.33, 5.02, 1.24, -0.1, 3.95, 0.334, 0.839, 8.69, 5.57, 
2.22, -0.834, 1.13), x3 = c(7.22, 6.15, 10.9, 8.66, 8.62, 13.4, 
11.8, 10.7, 8.73, 8.13, 7.18, 6.95, 11.3, 11.8, 9.71, 9.52, 9.09, 
6.4, 13.9, 6.74, 10.2, 7.4, 11, 12.5, 7.48, 7.85, 10.4, 9.84, 
8.15, 11, 8.2, 11.6, 14.2, 8.59, 14.9, 7.13, 9.06, 13.7, 12.4, 
8.22, 14.2, 6.11, 12.8, 9.48, 12.4, 11.7, 7.65, 12.4, 6.32, 10.7, 
9.48, 10.2, 6.83, 7.16, 6.75, 10.4, 9.93, 11.7, 6.01, 8.83, 10.8, 
11.7, 6.42, 8.28, 10.8, 9.74, 6.68, 11.8, 6.82, 14, 8.52, 8.45, 
6.94, 8.8, 13.6, 6.11, 11.4, 14, 9.13, 8.9, 9.18, 13.6, 8.93, 
11.3, 14.4, 12.7, 7.47, 11.4, 7.37, 9.73, 6.82, 11.9, 11.1, 7.89, 
10.9, 6.9, 10.1, 11.7, 9.38, 11), y = c(17L, 47L, 71L, 0L, 0L, 
13L, 2L, 2L, 0L, 1L, 0L, 4L, 0L, 12L, 0L, 0L, 0L, 53L, 0L, 6L, 
0L, 0L, 0L, 0L, 16L, 37L, 62L, 52L, 0L, 143L, 0L, 47L, 0L, 11L, 
1L, 77L, 0L, 0L, 0L, 0L, 0L, 1L, 13L, 0L, 7L, 65L, 6L, 13L, 0L, 
5L, 3L, 1L, 0L, 11L, 0L, 0L, 2L, 50L, 0L, 0L, 0L, 4L, 0L, 42L, 
0L, 0L, 93L, 2L, 0L, 1L, 0L, 0L, 20L, 0L, 1L, 1L, 4L, 0L, 13L, 
0L, 44L, 6L, 2L, 0L, 0L, 10L, 0L, 5L, 0L, 1L, 7L, 4L, 2L, 7L, 
10L, 0L, 0L, 1L, 19L, 2L)), class = "data.frame", row.names = c(NA, 
-100L))
