structure(list(speed = c(4, 4, 7, 7, 8, 9, 10, 10, 10, 11, 11, 
12, 12, 12, 12, 13, 13, 13, 13, 14, 14, 14, 14, 15, 15, 15, 16, 
16, 17, 17, 17, 18, 18, 18, 18, 19, 19, 19, 20, 20, 20, 20, 20, 
22, 23, 24, 24, 24, 24, 25), dist = c(2.04, 10.04, 4.1, 21.9, 
15.96, 9.94, 17.97, 25.9, 34.2, 16.8, 27.8, 14.2, 19.93, 23.92, 
27.998, 26.2, 34.05, 34.03, 45.8, 25.8, 35.8, 59.8, 80.2, 20.2, 
26.2, 53.9, 32.06, 40.09, 31.8, 40.2, 50.2, 42.1, 56.2, 75.96, 
83.92, 36.2, 45.8, 67.92, 31.9, 47.9, 52.06, 55.9, 64.2, 66.006, 
54.1, 70.1, 91.97, 92.8, 119.91, 85.05)), row.names = c(NA, -50L
), class = "data.frame")
