structure(list(speed = c(4, 4, 7, 7, 8, 9, 10, 10, 10, 11, 11, 
12, 12, 12, 12, 13, 13, 13, 13, 14, 14, 14, 14, 15, 15, 15, 16, 
16, 17, 17, 17, 18, 18, 18, 18, 19, 19, 19, 20, 20, 20, 20, 20, 
22, 23, 24, 24, 24, 24, 25), dist = c(1.8, 10.2, 3.93, 21.8, 
15.8, 9.98, 18.2, 25.9, 33.96, 16.9, 28.08, 13.91, 19.8, 24.02, 
27.91, 25.9, 33.8, 34.08, 46.07, 25.8, 35.9, 60.2, 80.06, 19.8, 
26.2, 54.03, 31.9, 39.8, 31.8, 39.994, 49.9, 41.9, 56.01, 75.8, 
84.2, 36.1, 46.1, 68.2, 32.2, 47.8, 51.96, 56.1, 64.1, 65.8, 
54.2, 69.9, 91.8, 93.05, 120.1, 84.8)), row.names = c(NA, -50L
), class = "data.frame")
