structure(list(x1 = c(0.53, 9.3, 3.5, 0.16, 1.2, 4.6, 8.7, 2.9, 
4.2, 2.8, 6.5, 3.3, 0.72, 5.4, 3.3, 3.1, 0.042, 6.6, 6.4, 1.4, 
2, 9.2, 6.2, 0.49, 8.7, 5.5, 2.4, 0.98, 0.02, 4.9, 2.4, 2.5, 
5.3, 1.5, 9.4, 7.4, 7.2, 9, 8.4, 0.92, 4.2, 7.5, 6.9, 1.9, 8.7, 
2.4, 1.7, 6, 7.2, 0.2, 2.7, 5.8, 0.72, 0.73, 7.5, 9.7, 2.6, 1.2, 
6.1, 1, 6.9, 1.2, 0.23, 5.9, 9.9, 7.6, 4.4, 6.6, 0.076, 8.1, 
2.6, 0.26, 5, 1.2, 8.7, 0.16, 3.2, 7, 8.7, 8.2, 5.9, 9.9, 2.9, 
5.4, 5, 6.9, 7.2, 1, 5.9, 4.3, 8, 1.6, 7.8, 6.1, 8.2, 9.1, 2.5, 
7.4, 5.3, 5.8), x2 = c(6.33, 7.47, 4.6, 1.34, 8.25, 7.97, 7.74, 
0.356, 6.63, 6.06, -1.72, 4.11, 4.6, -0.0826, 6.45, -1.01, 3.77, 
8.23, -0.64, 2.21, 3.96, 4.03, 4.94, 3.78, 8.16, 7.6, 5.68, 2.1, 
2.11, 4.68, 0.65, 1.13, 7.68, 3.96, 2.91, 5.89, 7.01, 2.12, 8.38, 
0.256, 7.75, 5.27, 1.91, 6.84, 8.4, 1.99, 5.97, 0.605, -0.511, 
7.08, 2.82, 4.42, -1.91, 5.98, -1.3, 3.35, 0.993, 0.883, 1.87, 
-1.25, -1.21, 1.12, 6.83, 6.78, 6.17, 5.95, -1.76, 0.465, 5.37, 
3.27, 4.22, 1.87, -0.739, -1.91, -0.402, 3.93, 3.93, 5.19, 1.95, 
5.71, 3.82, 2.97, 2.5, 8.84, 2.5, 8.93, 5.01, -0.378, 5.86, -1.19, 
4.91, -0.697, 2.76, -0.926, 1.94, 4.8, 8.83, 7.25, 1.4, 1.17), 
    x3 = c(6.33, 10.4, 8.83, 13.5, 6.29, 6.72, 9.1, 11, 6.06, 
    14.6, 12, 8.99, 14.6, 14.8, 11.3, 8.83, 9.88, 14.4, 10.2, 
    13.3, 11.7, 14.2, 9.66, 14.7, 10.7, 7.13, 10.3, 9.52, 14.7, 
    6.24, 14.4, 14.4, 9.76, 8.71, 10.1, 13.4, 8.09, 9.02, 8.69, 
    13.4, 10, 8.27, 13.6, 6.4, 7.74, 8.09, 7.78, 6.94, 14.7, 
    14.4, 12.3, 11.1, 8.34, 10.8, 14.1, 9.22, 7.63, 10.2, 12.5, 
    14, 8.23, 12.4, 11.6, 13, 14.8, 10.7, 7.59, 7.77, 14.5, 14.4, 
    9.32, 10.6, 11.4, 12.3, 14.7, 8.62, 7.87, 9.59, 10.8, 10.9, 
    13.7, 7.06, 12, 11.8, 13.2, 12.3, 9.38, 13, 11.2, 10.4, 8.96, 
    8.51, 8.46, 13.5, 6.75, 14.5, 6.12, 9.43, 12.7, 9.11), y = c(0L, 
    0L, 1L, 2L, 0L, 0L, 0L, 4L, 0L, 0L, 65L, 0L, 0L, 11L, 0L, 
    21L, 1L, 0L, 37L, 3L, 0L, 1L, 1L, 0L, 0L, 0L, 0L, 1L, 0L, 
    0L, 5L, 7L, 0L, 0L, 4L, 0L, 0L, 6L, 0L, 3L, 0L, 0L, 3L, 0L, 
    0L, 2L, 0L, 11L, 21L, 0L, 2L, 0L, 28L, 0L, 53L, 3L, 2L, 4L, 
    5L, 12L, 42L, 2L, 0L, 0L, 0L, 0L, 43L, 14L, 0L, 1L, 0L, 0L, 
    22L, 23L, 33L, 0L, 0L, 0L, 3L, 0L, 2L, 5L, 2L, 0L, 0L, 1L, 
    0L, 10L, 0L, 30L, 0L, 10L, 1L, 45L, 4L, 0L, 0L, 0L, 4L, 6L
    )), class = "data.frame", row.names = c(NA, -100L))
