structure(list(x1 = c(6.3, 0.87, 2.3, 7.5, 4.2, 0.58, 6.9, 1.9, 
3.2, 6.9, 5.1, 5.7, 7.5, 2.9, 2.7, 0.14, 2.5, 6.9, 0.86, 2, 6.2, 
7.3, 3.9, 2, 0.028, 2.3, 5.8, 7.2, 7.9, 2.4, 1.2, 4.1, 5.1, 1.1, 
0.28, 0.57, 2.8, 3.7, 5.6, 4.2, 8.4, 2.4, 5.1, 6.1, 9.3, 7.6, 
5.4, 0.33, 3.4, 2.3, 8.7, 0.59, 5, 1.8, 3.4, 8.6, 8, 4.5, 5.2, 
5.4, 8.4, 8.7, 1.5, 5.6, 6, 1.5, 7.4, 8.8, 7.5, 1.7, 9.9, 6.1, 
8.8, 8.9, 9, 3.1, 8.2, 9.3, 1.4, 9.6, 4.9, 0.54, 6.6, 3.8, 6.9, 
10, 5.8, 4.9, 5.1, 7.8, 2.2, 6.2, 5.9, 5, 0.22, 7.1, 7.1, 3.6, 
5.1, 8.8), x2 = c(6.72, -0.475, 4.31, 1.91, 1, 1.22, -1.03, 1.38, 
2.5, 4.74, -0.766, -0.194, -0.922, 0.473, -0.184, 5.5, 3.5, 6.14, 
0.084, -0.385, 1.17, 4.03, -0.74, 4.6, -0.601, 8.01, 4.17, -1.5, 
3.34, 0.0256, 0.247, -0.134, 1.97, 1.19, 7.54, 6.25, -0.0554, 
-0.97, 2.74, 0.28, 0.857, -0.534, 1.58, 6.48, 4.98, 6.2, 7.4, 
7.71, -0.794, 6.76, 2.04, 8, 3.95, -1.17, 7.3, -1.22, -0.559, 
6.03, -0.805, 6.14, 8.08, 6.15, 4.15, 1.85, 3.02, 5.84, 0.632, 
0.293, 1.3, 0.774, 0.143, 1.94, 2.22, 8.93, -0.158, 1.03, 2.25, 
1.59, 4.88, 7.9, 2.49, 2.07, 3.23, 7.73, 8.28, 2.04, -0.877, 
3.77, -1.04, 1.41, 8.14, -0.788, 3.98, 8.43, 6.45, 0.845, 0.0165, 
7.65, 6.26, 2.73), x3 = c(6.51, 11.5, 7.13, 8.84, 7.36, 11.6, 
10.1, 10.3, 12.1, 7.51, 14.7, 7.76, 10, 11.8, 9.6, 7.89, 9.44, 
6.5, 11.7, 12.5, 9.44, 13.4, 12.6, 11.5, 10.7, 12.1, 11.4, 13.8, 
9.62, 7.52, 8.42, 7.69, 10.9, 14.9, 6.25, 7.29, 14.7, 14.2, 14.6, 
10.6, 9.07, 8.34, 12.3, 12.7, 8.5, 9.47, 14, 8.73, 7.65, 13.7, 
10.9, 14.2, 11.7, 13.3, 12.5, 6.4, 7.32, 8.68, 6.69, 12.9, 6.59, 
7.46, 13.7, 10.4, 8.19, 11.1, 8.27, 6.31, 14.5, 9.09, 13.6, 6.09, 
8.76, 7.98, 13.9, 6.81, 6.94, 14.9, 14.1, 8.02, 9.02, 9.45, 10.5, 
8.32, 14.4, 7.31, 11.1, 9.6, 7.89, 13.4, 10.2, 6.12, 14.2, 9.42, 
14.1, 8.56, 12.4, 9.14, 10.8, 13.7), y = c(0L, 5L, 0L, 4L, 2L, 
0L, 37L, 1L, 0L, 0L, 33L, 10L, 33L, 5L, 6L, 0L, 0L, 0L, 8L, 8L, 
4L, 1L, 11L, 0L, 8L, 0L, 0L, 63L, 1L, 4L, 6L, 9L, 3L, 2L, 0L, 
0L, 5L, 25L, 3L, 15L, 9L, 7L, 3L, 0L, 1L, 1L, 0L, 0L, 20L, 0L, 
4L, 0L, 0L, 16L, 0L, 54L, 39L, 0L, 26L, 0L, 0L, 0L, 0L, 1L, 1L, 
0L, 12L, 26L, 3L, 2L, 20L, 2L, 5L, 0L, 29L, 4L, 4L, 15L, 1L, 
0L, 3L, 2L, 2L, 0L, 0L, 9L, 40L, 0L, 27L, 7L, 0L, 24L, 1L, 0L, 
0L, 9L, 16L, 0L, 0L, 4L)), class = "data.frame", row.names = c(NA, 
-100L))
