structure(list(speed = c(4, 4, 7, 7, 8, 9, 10, 10, 10, 11, 11, 
12, 12, 12, 12, 13, 13, 13, 13, 14, 14, 14, 14, 15, 15, 15, 16, 
16, 17, 17, 17, 18, 18, 18, 18, 19, 19, 19, 20, 20, 20, 20, 20, 
22, 23, 24, 24, 24, 24, 25), dist = c(2.07, 9.8, 3.9, 22.1, 15.96, 
9.8, 18.1, 25.8, 33.91, 17.09, 28.006, 14.03, 20.1, 23.9, 27.9, 
25.8, 33.9, 34.09, 45.8, 25.9, 36.06, 60.1, 79.95, 19.8, 25.8, 
53.9, 32.04, 40.1, 32.1, 39.9, 49.8, 41.95, 56.006, 75.8, 83.8, 
35.8, 45.9, 67.93, 32.03, 47.96, 52.2, 55.9, 64.003, 66.05, 54.2, 
70.1, 92.02, 92.8, 119.92, 84.9)), row.names = c(NA, -50L), class = "data.frame")
