structure(list(x1 = c(4.2, 0.64, 3.2, 2.6, 1.4, 5.9, 2.9, 1.1, 
1.7, 3.5, 2.9, 9.3, 0.86, 6.2, 6.4, 6.2, 3.7, 9.8, 2.2, 2.2, 
0.46, 2.1, 3.9, 9.5, 9.2, 5.6, 9.5, 4.3, 7.5, 2.1, 4.5, 9.6, 
9.7, 1.5, 0.42, 2.7, 0.3, 6.1, 5.1, 7.3, 4.7, 7.8, 4.5, 4.8, 
6.9, 2.9, 8.3, 6.3, 6, 6.5, 3.3, 9.9, 7.2, 7.9, 7.9, 6, 1.7, 
9.2, 4.5, 4.3, 9.7, 1.7, 3.2, 6.2, 6.4, 6, 2.4, 0.76, 0.28, 7, 
6.9, 9.8, 8.7, 2.5, 5, 9.4, 2.5, 5.2, 7.3, 1.8, 7.9, 5.8, 0.22, 
8.6, 2.8, 1.4, 3.4, 3.6, 9, 8.2, 8.3, 2, 0.88, 6, 4.6, 8.5, 2.1, 
6.7, 8.3, 9.1), x2 = c(5.48, 8.83, 2.41, 3.24, 8.97, 2.77, 5.22, 
5.32, 1.65, 1.38, 7.54, 2.52, 5.61, 2.5, 0.406, 2.64, 5, 6.27, 
2.33, 1.87, -0.894, 5.78, 3.21, 5.66, 3.39, 4.69, 7.65, -1.71, 
-1.03, 6.89, -0.944, 7.14, 3.33, -0.803, 7.93, 1.07, 6.42, 1.04, 
5.02, 2.15, 1.14, 5.52, 7.98, 6.26, 4.73, 2, 8.82, 3.7, 1.31, 
0.432, 4.82, -0.712, 0.704, 5.35, 4.23, 2.93, 5.87, 5.54, 7.13, 
0.138, 7.93, 2.34, 7.05, 5.24, 6.86, -0.998, 0.266, 3.54, 5.13, 
1.49, 2.95, -0.272, -1.49, 8.86, 7.3, -1.02, 3.99, 8.87, 7.03, 
8.24, 0.937, 3.66, -0.667, -1.19, 2.16, 0.135, 1.17, -0.432, 
1.18, 5.85, 7.08, -0.643, 2.13, -0.788, 6.15, 0.418, 3.78, 0.637, 
4.49, -0.463), x3 = c(7.05, 14, 9.79, 11.6, 7.02, 14.8, 6.81, 
8.87, 13.8, 14, 13.8, 9.56, 7.68, 9.02, 9.11, 11.7, 6.92, 6.5, 
6.88, 11.6, 12.4, 12.8, 7.3, 10.7, 13.4, 10.1, 10.8, 14.4, 14.1, 
7.54, 9.24, 9.01, 13.4, 12.5, 7.1, 6.43, 6.11, 8.36, 6.31, 10, 
13, 8.56, 13, 9.55, 10.5, 13.7, 15, 13, 10.3, 6.16, 14, 8.78, 
6.52, 6.27, 11.3, 14.3, 13.8, 11.9, 9.17, 11.4, 12, 9.96, 11.6, 
9.12, 7.34, 7.63, 11.6, 8.81, 8.14, 11.5, 8.45, 13.3, 6.43, 14, 
14.3, 8.07, 7.23, 9.16, 12.9, 12.2, 8.78, 8.91, 9.02, 14.2, 10.2, 
6.99, 9.22, 14.6, 9.39, 6.15, 14.1, 8.19, 10.4, 12.7, 8.39, 9.37, 
9.22, 11.6, 13.8, 14), y = c(0L, 0L, 1L, 1L, 0L, 2L, 0L, 0L, 
3L, 4L, 0L, 5L, 0L, 2L, 8L, 3L, 0L, 0L, 1L, 2L, 14L, 0L, 0L, 
1L, 1L, 1L, 0L, 28L, 51L, 0L, 20L, 0L, 3L, 6L, 0L, 2L, 0L, 5L, 
0L, 3L, 3L, 0L, 0L, 0L, 1L, 3L, 0L, 0L, 4L, 14L, 0L, 58L, 7L, 
1L, 2L, 1L, 0L, 0L, 0L, 9L, 0L, 1L, 0L, 0L, 0L, 32L, 6L, 0L, 
0L, 3L, 1L, 44L, 93L, 0L, 0L, 53L, 0L, 0L, 0L, 0L, 8L, 0L, 7L, 
69L, 1L, 6L, 5L, 15L, 7L, 0L, 0L, 8L, 2L, 19L, 0L, 18L, 0L, 9L, 
0L, 41L)), class = "data.frame", row.names = c(NA, -100L))
