structure(list(speed = c(4, 4, 7, 7, 8, 9, 10, 10, 10, 11, 11, 
12, 12, 12, 12, 13, 13, 13, 13, 14, 14, 14, 14, 15, 15, 15, 16, 
16, 17, 17, 17, 18, 18, 18, 18, 19, 19, 19, 20, 20, 20, 20, 20, 
22, 23, 24, 24, 24, 24, 25), dist = c(1.96, 9.8, 3.91, 21.9, 
15.8, 10.04, 17.9, 25.8, 33.8, 16.93, 27.9, 14.2, 19.8, 24.06, 
28.07, 26.06, 33.93, 34.2, 45.9, 25.9, 35.8, 59.9, 79.94, 20.2, 
26.2, 54.03, 32.2, 39.97, 32.1, 39.9, 49.98, 42.2, 56.2, 75.8, 
83.8, 35.9, 45.8, 68.06, 32.004, 48.1, 51.99, 56.1, 63.98, 65.99, 
54.09, 69.9, 92.2, 93.06, 120.05, 85.07)), row.names = c(NA, 
-50L), class = "data.frame")
