structure(list(x1 = c(1.2, 9.6, 3.3, 8.7, 4.8, 5.2, 5, 6.9, 1.8, 
7.1, 5.7, 6, 2.1, 2.2, 1.5, 1.9, 3.5, 5.8, 3.9, 5.9, 8.8, 0.23, 
2, 0.26, 0.69, 2.7, 3.3, 9.2, 3, 5.7, 6.4, 3.7, 5.8, 9.3, 2.2, 
3.4, 7.9, 4.8, 8.3, 2, 3.2, 0.95, 2.2, 5.7, 2.5, 8.2, 9.5, 3.3, 
5.6, 8.8, 8.2, 4.2, 4.2, 9, 0.72, 9.8, 2.7, 1.4, 6.4, 9.9, 0.85, 
1.3, 2.7, 8.3, 2.8, 8.8, 4.7, 1.5, 4.2, 6.5, 3.9, 7.6, 8.3, 2.8, 
7.6, 7.1, 7.7, 7, 1.4, 3.9, 7.7, 5.5, 8, 3.3, 1.2, 3.3, 5.3, 
2.3, 3.1, 0.94, 9.8, 1.3, 4.4, 2.8, 3.9, 2.7, 4, 3, 4, 0.77), 
    x2 = c(-0.196, -0.067, -1.39, 2.53, 3.36, 8.7, 3.82, 4.02, 
    -1.26, -1.52, 8.96, 2.88, 6.9, -1.94, 8.52, 6.36, 4.6, 7.36, 
    -0.684, 6.53, 4.89, 4.31, 2.89, 2.84, 7.22, 6.83, 6.43, 2.88, 
    -1.13, 3.74, -0.415, 4.11, 1.54, 2.39, 3.43, 1.98, 2.4, 4.51, 
    -0.046, 5.94, 1.73, -1.61, 5.49, 2.2, 0.78, 6.49, 1.03, -1.55, 
    1.91, 1, -0.792, -0.233, -1.68, 0.201, 1.05, -0.267, -0.256, 
    -1.47, -0.411, 1.79, 7.58, 7.42, -0.832, 3.51, -1.95, 7.22, 
    2.45, 3.2, -0.395, 2.12, 3.8, 8.72, 3.69, 7, -0.183, 8.58, 
    8.96, -0.194, 2.97, 1.05, 4.31, 7.56, 7.49, 7.41, 8.91, 8.35, 
    6.54, 6.86, 4.33, 6.97, 2.51, -0.31, 0.437, 7.1, 2.18, 5.06, 
    6.53, 7.55, 4.79, 3.31), x3 = c(13, 11.9, 11.9, 10.1, 11.4, 
    12.7, 9.38, 9.85, 9.06, 6.31, 7.56, 9.37, 9.27, 6.76, 13.9, 
    12.3, 14.7, 14.7, 14.6, 14.9, 14.1, 7.1, 6.46, 10.5, 10.7, 
    13.3, 10.1, 13.6, 6.99, 10.9, 9.18, 8.85, 13.2, 8.8, 9.35, 
    14.5, 11.5, 14.9, 14.2, 11.5, 11.4, 13.7, 14.3, 10.5, 14.9, 
    14.2, 14.1, 14.1, 13.5, 11, 13.8, 11, 12.6, 7.05, 8.95, 13.7, 
    10.6, 7.62, 7.89, 9.63, 14.6, 12.2, 6.66, 6.2, 6.77, 8.16, 
    8.87, 13.9, 12.7, 11, 12.1, 12, 12.3, 10.6, 13, 8.3, 7.12, 
    7.51, 8.25, 12.9, 7.01, 6.77, 12.3, 13.9, 12.5, 13.1, 12.8, 
    6.56, 9.5, 11.1, 13.5, 9.3, 10.1, 12.6, 10.1, 13.4, 13.5, 
    9.83, 13, 8.29), y = c(9L, 33L, 21L, 7L, 0L, 0L, 0L, 1L, 
    17L, 61L, 0L, 3L, 1L, 33L, 0L, 0L, 0L, 0L, 16L, 0L, 0L, 0L, 
    2L, 0L, 0L, 0L, 0L, 3L, 18L, 2L, 17L, 0L, 1L, 1L, 0L, 2L, 
    3L, 0L, 29L, 0L, 4L, 24L, 1L, 2L, 5L, 0L, 17L, 32L, 3L, 17L, 
    39L, 12L, 37L, 20L, 0L, 38L, 9L, 22L, 23L, 9L, 0L, 0L, 13L, 
    2L, 27L, 0L, 0L, 0L, 13L, 2L, 1L, 0L, 0L, 0L, 19L, 0L, 0L, 
    19L, 0L, 3L, 0L, 0L, 0L, 0L, 0L, 0L, 0L, 0L, 0L, 0L, 7L, 
    9L, 7L, 0L, 1L, 0L, 0L, 0L, 0L, 2L)), class = "data.frame", row.names = c(NA, 
-100L))
