structure(list(speed = c(4, 4, 7, 7, 8, 9, 10, 10, 10, 11, 11, 
12, 12, 12, 12, 13, 13, 13, 13, 14, 14, 14, 14, 15, 15, 15, 16, 
16, 17, 17, 17, 18, 18, 18, 18, 19, 19, 19, 20, 20, 20, 20, 20, 
22, 23, 24, 24, 24, 24, 25), dist = c(1.8, 10.2, 3.91, 22.2, 
15.991, 10.01, 17.999, 26.1, 33.8, 17.1, 28.03, 14.05, 19.9, 
23.9, 27.8, 25.8, 33.93, 34.04, 45.94, 26.05, 36.2, 59.8, 79.8, 
19.8, 25.8, 53.9, 31.91, 40.2, 31.9, 40.03, 50.07, 41.93, 56.04, 
76.2, 83.9, 35.92, 46.1, 67.99, 32.2, 47.8, 51.91, 55.8, 63.9, 
66.03, 53.9, 70.2, 92.2, 92.92, 120.03, 85.2)), row.names = c(NA, 
-50L), class = "data.frame")
