structure(list(x1 = c(0.64, 3.8, 6.8, 1.1, 1.3, 3.3, 2.6, 3.4, 
9.3, 7.7, 2.3, 2.2, 3, 3.4, 3.6, 0.96, 3.4, 4.5, 5.7, 8.5, 7.4, 
9.3, 9, 2.2, 7, 5.3, 0.42, 3.6, 8.1, 1.5, 5.4, 8.3, 9.3, 5.6, 
1.2, 9.6, 1.4, 5.2, 3.2, 4, 5.6, 4.4, 5.7, 4.2, 3.3, 8.1, 0.85, 
0.68, 5, 8.4, 6.5, 7.4, 7.7, 2.5, 2.5, 5.9, 2.3, 7.5, 7, 9.8, 
2.8, 7.6, 9.7, 2.3, 7.6, 9.3, 8.6, 3.8, 1.6, 2.6, 6.5, 2.9, 1.6, 
4.6, 8.1, 4.3, 0.15, 1.9, 2.6, 4.4, 4.5, 5, 1.3, 1.9, 7.1, 0.38, 
7.3, 7.8, 9.7, 6.1, 6.7, 1.4, 2.2, 2.6, 2.8, 0.23, 1.2, 9.9, 
0.62, 9.6), x2 = c(1.16, 6.15, 1.85, -1.23, 2.64, 8.95, 8.44, 
7.03, 3.28, 5.6, 4.28, 3.23, 5.27, -1.01, 5.88, 1.91, 1.78, -1.51, 
-1.16, 8.1, 8.84, 0.843, 4.34, 4.53, 7.98, 1.6, 1.1, 5.42, 8.63, 
1.82, 3.41, 2.98, -1.16, 3.12, 0.445, 1.29, 2.79, 8.47, 1.72, 
1.55, 4.5, 8.5, 5.58, 3.86, 8.57, 8.55, 3.13, 7.65, 1.52, 8.5, 
0.141, -1.22, 5.98, -0.084, 1.13, 1.78, 2.63, -0.509, 0.184, 
-1.5, 3.97, 4.06, 6.96, 8.63, -0.502, -1.15, -1.07, -0.037, -0.931, 
-1.37, 1.77, 4.74, 8.18, 8.04, 1.87, 5.69, 4.93, 0.0301, 1.09, 
6.85, -1.9, -0.445, 5.92, 3.5, 1.68, 4.6, 7.67, 6.5, 4.75, 5.82, 
2.64, 6.84, 1.95, 8.34, 5.78, 3.15, 7.91, 3, 0.865, 0.3), x3 = c(6.26, 
10.5, 9.99, 13.6, 8.08, 9.85, 11.4, 13, 8.52, 11.8, 11.6, 6.26, 
11.6, 7, 7.77, 11.9, 13.3, 10.2, 7.24, 7.45, 11.3, 14.6, 14.7, 
8.44, 13, 14.8, 12.3, 8.72, 12.3, 12.8, 11.7, 13.1, 12.2, 13.8, 
8, 14.3, 7.79, 14.6, 8.81, 12.9, 13.4, 7.2, 9.72, 10.3, 12.7, 
14.7, 8.03, 12.7, 12.7, 11.7, 13.9, 14.5, 12.9, 14.3, 7.12, 9.32, 
10.9, 13.1, 6.02, 10.4, 14.6, 12.8, 13.7, 7.63, 14.7, 9.6, 6.58, 
14.4, 10.3, 15, 12.4, 14.7, 12.5, 6.05, 12.7, 8.98, 11.5, 8.72, 
14.7, 12.2, 7.14, 12.9, 14.3, 7.52, 11.1, 14.3, 12.7, 12.7, 7.83, 
7.4, 13, 10.4, 12.9, 14.7, 14.7, 10.4, 14.4, 6.7, 12.7, 11.1), 
    y = c(2L, 0L, 3L, 18L, 0L, 0L, 0L, 0L, 1L, 0L, 0L, 1L, 0L, 
    22L, 0L, 0L, 4L, 45L, 36L, 0L, 0L, 14L, 2L, 0L, 0L, 3L, 3L, 
    0L, 0L, 1L, 0L, 3L, 74L, 2L, 6L, 14L, 0L, 0L, 2L, 1L, 0L, 
    0L, 0L, 0L, 0L, 0L, 0L, 0L, 5L, 0L, 24L, 42L, 0L, 9L, 1L, 
    5L, 1L, 31L, 22L, 119L, 0L, 2L, 1L, 0L, 31L, 70L, 77L, 10L, 
    13L, 22L, 1L, 0L, 0L, 0L, 2L, 0L, 0L, 6L, 4L, 0L, 42L, 15L, 
    0L, 0L, 3L, 1L, 0L, 0L, 1L, 0L, 2L, 0L, 0L, 0L, 0L, 0L, 0L, 
    1L, 4L, 17L)), class = "data.frame", row.names = c(NA, -100L
))
