structure(list(speed = c(4, 4, 7, 7, 8, 9, 10, 10, 10, 11, 11, 
12, 12, 12, 12, 13, 13, 13, 13, 14, 14, 14, 14, 15, 15, 15, 16, 
16, 17, 17, 17, 18, 18, 18, 18, 19, 19, 19, 20, 20, 20, 20, 20, 
22, 23, 24, 24, 24, 24, 25), dist = c(1.8, 9.94, 4.09, 21.8, 
15.8, 9.91, 17.9, 25.92, 34.2, 17.1, 27.9, 13.9, 19.9, 23.92, 
27.93, 25.8, 33.92, 33.98, 46.04, 26.2, 36.1, 60.2, 80.2, 19.9, 
26.1, 54.02, 31.8, 39.93, 32.2, 39.8, 50.02, 42.2, 56.2, 76.03, 
83.8, 36.2, 45.8, 68.009, 31.91, 47.95, 52.03, 55.97, 64.04, 
65.96, 53.92, 70.2, 91.8, 92.8, 119.9994, 85.2)), row.names = c(NA, 
-50L), class = "data.frame")
