structure(list(speed = c(4, 4, 7, 7, 8, 9, 10, 10, 10, 11, 11, 
12, 12, 12, 12, 13, 13, 13, 13, 14, 14, 14, 14, 15, 15, 15, 16, 
16, 17, 17, 17, 18, 18, 18, 18, 19, 19, 19, 20, 20, 20, 20, 20, 
22, 23, 24, 24, 24, 24, 25), dist = c(1.8, 9.8, 4.09, 22.2, 15.8, 
10.05, 17.91, 25.94, 33.8, 17.1, 27.8, 13.91, 20.2, 24.06, 27.94, 
26.07, 33.92, 34.04, 45.9, 26.1, 35.8, 59.8, 79.8, 20.2, 25.8, 
54.1, 32.2, 39.97, 31.8, 39.8, 50.1, 41.8, 56.06, 75.8, 83.9, 
36.2, 46.03, 67.96, 31.9, 47.92, 51.8, 55.95, 64.2, 65.9, 54.2, 
69.8, 92.06, 93.2, 120.2, 85.1)), row.names = c(NA, -50L), class = "data.frame")
