structure(list(x1 = c(0.68, 0.04, 6.8, 8.5, 0.36, 5.9, 3.2, 3.8, 
0.87, 7.8, 2, 3.2, 8.3, 6.2, 3.8, 6.4, 3.3, 5.8, 2.5, 7.9, 1.8, 
1.1, 0.63, 9.4, 1.8, 7.7, 8.9, 4.3, 0.77, 0.045, 7.7, 1.9, 6.2, 
0.027, 2.1, 8.7, 5.6, 4.3, 2.6, 3.4, 0.8, 4, 9.3, 2.7, 8.3, 0.075, 
6.2, 8.2, 9, 7.4, 2, 0.58, 1.8, 6.1, 9.9, 0.9, 4.8, 0.78, 2, 
4.8, 1.6, 7.2, 8.2, 3.5, 2.4, 0.45, 1.3, 7.3, 7.4, 5.3, 9.1, 
6.2, 1.5, 2.8, 0.047, 8.7, 8, 7.6, 6.1, 8.5, 3.2, 4.8, 1.1, 6, 
1.7, 8.6, 7.4, 1.8, 0.12, 7.4, 3.4, 9.6, 3.3, 4.4, 0.051, 0.29, 
3.8, 10, 4.9, 2.3), x2 = c(6.58, 2.17, -1.99, 3.8, 2.39, 3.43, 
1.94, -0.709, 5.01, 5.28, 7.82, 5.36, 5.14, 6.58, 2.12, 6.68, 
0.882, -1.59, 8.1, -0.527, -1.24, -1.77, 0.712, 8.42, 8.14, 0.546, 
-2, 3.01, 2.07, 4.26, 2.31, 7.06, 3.46, 8.27, 2.36, 0.707, 8.95, 
-0.93, -1.5, 2.17, 5.49, 6.84, 2.25, 6.17, 5.55, 6.62, -0.049, 
0.475, 0.0199, 1.75, -0.761, 8.34, -0.36, 7.19, 2.14, 2.14, -1.71, 
8.1, 4.84, 1.22, 6.2, -1.64, 6.19, -1.71, 0.0331, 8.93, 3.96, 
0.726, 6.05, 7.01, -0.23, 6.17, 0.56, 4.23, 4.34, 3.42, -0.589, 
5.01, 2.68, 0.265, 4.42, -0.127, 4.14, -0.719, 2.4, -0.34, 8.98, 
2.76, -0.482, 0.216, 8.39, 5.94, -0.394, 8.9, 0.275, 2.89, 5.65, 
2.46, 6.69, 8.77), x3 = c(6.18, 10.5, 10.4, 6.07, 10.6, 15, 12.2, 
7.73, 9.24, 9.23, 13.1, 13.9, 7.28, 13, 6.48, 13.7, 8.42, 8.16, 
8.57, 9.3, 8.5, 6.32, 12.2, 14.8, 13.8, 13, 14.2, 11.3, 14.7, 
8.67, 7.67, 8.55, 13.8, 7.15, 14.9, 13.5, 10.6, 6.03, 8.11, 13.9, 
11.5, 14.8, 14.5, 11.3, 10.5, 8.07, 13.4, 7.12, 7.42, 8.72, 13.6, 
6.85, 6.18, 10, 12, 10.4, 10.4, 9.68, 14.2, 7.36, 7.97, 15, 8.29, 
10.8, 13.6, 11.3, 6.61, 7.81, 9.97, 6.73, 11.1, 13.1, 12.7, 14.2, 
6.9, 7.6, 10.5, 12.9, 13.9, 8.22, 11.1, 13.1, 13.1, 14.4, 13.5, 
10.9, 11.8, 7.68, 11.4, 12.9, 10, 7.82, 11.2, 6.24, 10.9, 15, 
6.79, 11, 14.2, 9.66), y = c(0L, 2L, 99L, 2L, 0L, 0L, 5L, 16L, 
0L, 0L, 0L, 0L, 1L, 0L, 1L, 0L, 5L, 46L, 0L, 37L, 15L, 19L, 4L, 
0L, 0L, 10L, 132L, 0L, 3L, 0L, 5L, 0L, 1L, 0L, 2L, 12L, 0L, 25L, 
22L, 2L, 0L, 0L, 1L, 0L, 0L, 0L, 13L, 17L, 32L, 6L, 17L, 0L, 
6L, 0L, 2L, 2L, 51L, 0L, 0L, 3L, 0L, 78L, 0L, 39L, 5L, 0L, 0L, 
12L, 0L, 0L, 28L, 0L, 5L, 1L, 1L, 0L, 38L, 0L, 2L, 16L, 0L, 14L, 
1L, 29L, 1L, 30L, 0L, 0L, 12L, 21L, 0L, 0L, 10L, 0L, 4L, 0L, 
0L, 5L, 0L, 0L)), class = "data.frame", row.names = c(NA, -100L
))
