structure(list(x1 = c(4.9, 4.3, 5, 3.7, 7.9, 5, 7.7, 5.4, 1.2, 
2.4, 9.7, 4.3, 7.4, 5.7, 2.7, 9, 0.54, 7.2, 3, 0.37, 9.4, 3.1, 
6.1, 0.5, 3.4, 6.9, 2.4, 7.4, 0.37, 7.6, 1.5, 3.2, 8.9, 8.6, 
9.4, 1.2, 1.8, 3.8, 0.79, 8.1, 8.7, 8.9, 1.8, 2.8, 6.9, 9.8, 
7.8, 6.4, 2.4, 3.5, 4.6, 2.8, 6.6, 6.5, 2.5, 4.6, 8.7, 4, 6.3, 
8.7, 3.6, 8.1, 5.9, 5.4, 3, 0.56, 8.8, 1.3, 8, 4.1, 6.2, 4.1, 
4.4, 9.3, 4.4, 8.9, 6.2, 5.6, 3.1, 6.8, 1.7, 4.3, 8, 0.77, 7.1, 
1.4, 0.029, 9.7, 1.9, 5.1, 9.4, 8, 8.1, 8.8, 7.5, 9.9, 3.2, 3.2, 
8.9, 6.8), x2 = c(-1.46, 8.91, 2.97, 2, 1.95, 8.75, 3.61, 6.08, 
5.62, 2.8, -1.17, 6.87, 0.695, 5.27, 8.18, 5.4, 1.76, 5.31, 3.83, 
4.63, -1.99, -1.33, 8.55, -0.079, 1.79, 0.471, 2.45, 1.03, 7.48, 
4.19, 4.27, 7.27, 3.01, 7.59, 1.65, 6.28, 5.89, -1.18, 0.456, 
4.6, 7.2, 5.2, 1.25, 7.47, 1.5, 8, 0.539, 2.61, 6.59, 5.36, -1.01, 
1.61, 3.36, 6.64, 3.03, -1.99, 3.38, -0.0558, 1.29, 8.17, -1.81, 
8.91, 4.6, 7.03, 4, 2.07, 2.37, 4.49, 0.874, 7.48, 6.76, 5.38, 
0.717, -0.345, 7.5, -1.33, 6.03, 0.86, 5.41, -0.344, 3.08, 8.72, 
5.52, 8.02, 1.22, 2.23, 8.1, -1.92, 4.86, 3.84, 2.49, 3.23, -1.06, 
2.53, 4.81, 5.62, 4.62, -0.452, 6.11, 6.79), x3 = c(14.3, 9.78, 
11.6, 12.6, 11.2, 7.43, 8.27, 13.2, 15, 7.34, 9.12, 10.8, 6.63, 
10, 10, 11.3, 11.2, 8, 7.7, 12, 8.82, 7.39, 13.9, 8.12, 14.6, 
12.7, 7.46, 6.28, 9.02, 9.91, 6.21, 11, 11.7, 14.7, 10.9, 12.2, 
14.6, 6.78, 10.9, 11.8, 11.4, 15, 10.2, 7.33, 13.4, 7.41, 14.8, 
12.1, 12.7, 6.59, 13.2, 6.47, 14.6, 9.95, 7.45, 6.5, 13.1, 8.13, 
11.3, 7.17, 6.66, 14.8, 8.27, 7.24, 14.2, 7.58, 6.03, 6.86, 11.2, 
10.6, 14.7, 13.6, 10.9, 10.5, 7.3, 8.11, 13.4, 13.5, 15, 8.81, 
6.83, 7.38, 8.99, 7.72, 11.6, 14.6, 14.1, 8.81, 9.65, 12, 8.4, 
10.9, 11.3, 6.45, 8.23, 10.8, 14.1, 6.3, 8.62, 8.64), y = c(34L, 
0L, 0L, 3L, 2L, 0L, 1L, 1L, 0L, 0L, 89L, 0L, 10L, 0L, 0L, 1L, 
0L, 0L, 0L, 0L, 138L, 27L, 0L, 5L, 1L, 12L, 2L, 13L, 0L, 0L, 
0L, 0L, 1L, 0L, 7L, 0L, 0L, 21L, 5L, 1L, 0L, 0L, 2L, 0L, 3L, 
0L, 15L, 2L, 0L, 0L, 35L, 0L, 0L, 0L, 1L, 53L, 2L, 17L, 4L, 1L, 
36L, 0L, 0L, 0L, 0L, 0L, 3L, 0L, 12L, 0L, 1L, 0L, 5L, 47L, 0L, 
80L, 0L, 7L, 1L, 21L, 2L, 0L, 1L, 0L, 3L, 0L, 0L, 131L, 0L, 0L, 
6L, 2L, 58L, 1L, 0L, 0L, 0L, 13L, 0L, 0L)), class = "data.frame", row.names = c(NA, 
-100L))
