structure(list(speed = c(4, 4, 7, 7, 8, 9, 10, 10, 10, 11, 11, 
12, 12, 12, 12, 13, 13, 13, 13, 14, 14, 14, 14, 15, 15, 15, 16, 
16, 17, 17, 17, 18, 18, 18, 18, 19, 19, 19, 20, 20, 20, 20, 20, 
22, 23, 24, 24, 24, 24, 25), dist = c(1.995, 9.97, 4.002, 21.93, 
16.1, 10.001, 18.1, 26.02, 33.8, 16.9, 28.2, 13.96, 20.1, 24.03, 
27.9, 26.2, 33.8, 34.1, 45.9, 25.8, 36.2, 59.91, 80.06, 19.8, 
25.92, 54.1, 31.9, 40.1, 31.8, 40.1, 49.8, 41.91, 56.2, 76.2, 
84.2, 35.8, 45.8, 67.94, 31.8, 48.2, 52.2, 56.2, 63.8, 65.9, 
54.09, 70.2, 92.1, 93.07, 119.9, 84.93)), row.names = c(NA, -50L
), class = "data.frame")
