structure(list(x1 = c(9.6, 4.6, 8.3, 6.1, 9.7, 2.9, 9.2, 9, 4.8, 
4.2, 2.9, 7.6, 1.7, 9.8, 0.4, 8.4, 2.3, 3.4, 6.3, 7.5, 3.1, 0.51, 
6.7, 5.9, 0.016, 0.027, 6.8, 5.9, 2.8, 2.6, 8.5, 3.2, 0.61, 1.3, 
1.9, 3.1, 8.8, 8.4, 6.6, 4.8, 8, 7.1, 7.9, 8.4, 2.9, 3.5, 1.3, 
1.6, 1, 4.6, 6.5, 9.9, 6, 6.1, 7.5, 9.4, 8.8, 0.21, 6.9, 3.4, 
9.6, 3.2, 7.2, 2.6, 8.8, 9.7, 6.9, 0.27, 9.3, 7.7, 2.3, 6.2, 
2.7, 1.6, 3.5, 4.3, 5.4, 4.1, 9.2, 4.5, 3.5, 1.2, 7.8, 7.4, 5.5, 
10, 8.8, 5.7, 3.3, 7.9, 2.2, 8, 4.9, 8.8, 4.3, 9.1, 7, 2, 7.6, 
1.9), x2 = c(3.92, 2.91, 5.69, 2.59, -1.42, -0.594, 7.89, -1.57, 
1.46, 4.38, 6.23, 6.01, 2.67, 5.85, -1.55, 3.8, 7.92, 0.825, 
8.26, 5.96, 4.02, 8.46, 1.88, 0.633, 3.2, -1.71, 4.34, 5.06, 
2.4, 3.22, 0.117, 4.58, 7.77, 1.36, 6.79, 2.04, 8.55, 0.64, 6.85, 
0.291, -0.483, 7.17, 7.53, -1.63, 0.068, 8.62, 2.5, 6.63, 7.95, 
7.05, 7.04, 4.6, 4.77, 4.12, -0.287, 2.98, 5.16, 5.41, 7.3, -1.6, 
6.53, 1.23, -1.89, 0.351, 7.95, 6.92, 0.393, 3.95, 2.42, -0.379, 
7.38, 7.42, 4.83, -1.71, 7.32, 8.5, 1.87, 6.72, 2.11, -0.15, 
5.78, 0.661, 7, 1.14, 2.27, 6.05, 1.3, 4.73, -0.62, -1.27, 2.8, 
-0.724, 1.38, 4.89, 6.24, 1.61, 0.516, 7.79, 5.23, 1.03), x3 = c(9.43, 
14.1, 13.3, 8.29, 12.8, 10.7, 12, 13.1, 6.28, 13.7, 6.03, 8.05, 
13.7, 8.73, 9.28, 14.3, 12.5, 9.1, 9.4, 13.6, 14.4, 6.74, 11.1, 
7.69, 7.46, 10.2, 6.11, 8.68, 9.73, 14.7, 6.1, 9.26, 12.1, 6.37, 
8.62, 14.5, 7.06, 8.06, 6.17, 9.35, 7.65, 8.6, 13.5, 9.19, 13.7, 
9.61, 13.1, 7.59, 8.13, 6.57, 12.4, 10.8, 9.8, 11.6, 9.09, 9.16, 
11.8, 13.8, 6.01, 11.1, 10.7, 9.82, 11, 13.2, 11.8, 11.8, 9.87, 
8.2, 10.4, 14.2, 14, 14, 10.7, 11.1, 14.7, 14.3, 11, 8.41, 13.8, 
11.6, 10.3, 6.11, 10.9, 9.43, 14.4, 14, 9.5, 14.7, 12.1, 13.9, 
6.43, 8.95, 12.6, 13.4, 10.8, 10.1, 13.7, 11, 7, 12.9), y = c(1L, 
0L, 0L, 2L, 99L, 18L, 0L, 97L, 4L, 1L, 1L, 0L, 1L, 0L, 17L, 0L, 
0L, 5L, 0L, 0L, 0L, 0L, 5L, 10L, 0L, 17L, 0L, 0L, 3L, 0L, 25L, 
0L, 0L, 0L, 0L, 3L, 0L, 16L, 0L, 15L, 34L, 0L, 0L, 101L, 8L, 
0L, 3L, 0L, 0L, 0L, 0L, 1L, 0L, 1L, 26L, 2L, 0L, 0L, 0L, 31L, 
0L, 5L, 90L, 3L, 0L, 0L, 13L, 0L, 6L, 37L, 0L, 0L, 0L, 32L, 0L, 
0L, 4L, 0L, 4L, 17L, 0L, 4L, 1L, 5L, 3L, 0L, 9L, 0L, 10L, 64L, 
0L, 37L, 1L, 1L, 0L, 6L, 15L, 0L, 0L, 3L)), class = "data.frame", row.names = c(NA, 
-100L))
