structure(list(speed = c(4, 4, 7, 7, 8, 9, 10, 10, 10, 11, 11, 
12, 12, 12, 12, 13, 13, 13, 13, 14, 14, 14, 14, 15, 15, 15, 16, 
16, 17, 17, 17, 18, 18, 18, 18, 19, 19, 19, 20, 20, 20, 20, 20, 
22, 23, 24, 24, 24, 24, 25), dist = c(2.2, 9.98, 4.2, 22.05, 
16.2, 9.9, 18.2, 26.2, 33.99, 16.96, 27.9, 14.1, 19.8, 24.2, 
27.8, 26.2, 33.9, 33.92, 46.06, 26.1, 35.9, 59.8, 80.08, 20.05, 
25.8, 53.8, 32.09, 40.04, 31.9, 39.9, 50.2, 41.91, 55.8, 75.8, 
83.8, 35.9, 46.2, 68.2, 32.08, 47.992, 52.1, 56.1, 64.1, 66.2, 
53.9, 69.93, 91.8, 92.8, 119.8, 84.98)), row.names = c(NA, -50L
), class = "data.frame")
