structure(list(speed = c(4, 4, 7, 7, 8, 9, 10, 10, 10, 11, 11, 
12, 12, 12, 12, 13, 13, 13, 13, 14, 14, 14, 14, 15, 15, 15, 16, 
16, 17, 17, 17, 18, 18, 18, 18, 19, 19, 19, 20, 20, 20, 20, 20, 
22, 23, 24, 24, 24, 24, 25), dist = c(1.98, 9.9, 4.01, 22.2, 
15.994, 9.8, 17.95, 26.08, 33.9, 17.2, 27.8, 14.2, 19.8, 24.02, 
28.07, 26.09, 33.94, 34.2, 45.8, 25.98, 36.04, 60.2, 80.03, 19.8, 
25.93, 53.8, 31.94, 40.1, 32.2, 39.93, 49.993, 42.2, 55.8, 75.95, 
83.8, 36.2, 45.93, 67.8, 32.09, 48.2, 51.9, 55.95, 64.05, 66.2, 
54.2, 69.8, 91.94, 93.03, 119.9, 84.8)), row.names = c(NA, -50L
), class = "data.frame")
