structure(list(x1 = c(1.4, 7.5, 9.1, 3.4, 3.7, 7.6, 3.6, 9.4, 
6.7, 2.6, 1.5, 8.4, 10, 3.7, 3.3, 8.6, 8.7, 3.6, 8.3, 5.1, 5.7, 
6.3, 6, 1.6, 5.8, 3.2, 9.3, 4.7, 3.7, 4.4, 5.7, 0.49, 4.3, 9.2, 
6.9, 7.6, 3.4, 8.1, 5.2, 3.5, 0.14, 7.1, 4.3, 6.7, 6.8, 2.5, 
5.4, 2.6, 6.3, 2.8, 7.6, 2.3, 4.2, 2.3, 8.8, 0.25, 6.5, 9, 0.43, 
4.2, 0.77, 6.5, 3.2, 3.4, 7, 4.4, 6.3, 3.6, 0.14, 0.78, 5.1, 
4.5, 7.6, 9.9, 2, 7.6, 8.7, 10, 3.9, 1.3, 6, 6.4, 9.9, 8.9, 6.1, 
8.3, 2.1, 3.4, 6.4, 3.7, 5.4, 7.8, 0.83, 1.5, 4.4, 5.3, 4.2, 
5.1, 3.2, 7.6), x2 = c(5.6, 8.06, 0.0972, -0.496, 2.91, -0.26, 
4.28, 3.73, 8.89, 8.33, -1.81, 6, 0.111, 5.94, 5.57, 0.0913, 
0.105, 8.96, 2.49, 3.36, 8.4, 1.96, 0.551, 0.229, 0.181, 7, -0.757, 
3.77, 2.37, 6.89, 7.02, 2.5, 1.85, 2.08, 3.46, 6.61, 0.64, 7.85, 
0.556, 6.08, 8.45, 2.54, 6.03, 2.05, 6.5, 5.91, 0.469, 7.63, 
-0.0297, 6.54, -0.672, 5.07, 0.798, -1.18, 6.87, -0.723, 5.56, 
2.54, 2.91, 1.34, -1.6, 5.78, 0.705, 5.42, 6.4, 8.48, 1.33, -1.45, 
5.16, 1.63, -1.84, 1.68, 0.0806, 2.75, 5.06, 0.871, 0.725, 6.55, 
1.91, 5.16, 4.27, 7.05, 2.27, 5.41, 0.0184, 0.046, 5.94, -0.056, 
-0.0315, 8.61, -1.38, 7.65, 1.61, 7.03, 7.27, 4.36, -1.79, -1.63, 
7.31, 5.44), x3 = c(9.68, 9.28, 11.6, 6.73, 7.78, 12.6, 12.5, 
10.3, 13.9, 10.8, 14.1, 8.36, 11, 6.03, 14.5, 10.5, 11.6, 13.7, 
8.01, 8.39, 12.2, 9.67, 7.76, 11.9, 9.15, 10.3, 7.84, 13.6, 12, 
10.7, 7.24, 15, 13.6, 11.8, 6.87, 6.26, 14.2, 10.2, 9.28, 9.68, 
13.3, 11.6, 8.6, 6.59, 11.3, 10.3, 14.9, 14.6, 9.28, 7.93, 6.86, 
12.8, 9.08, 12.2, 12.1, 11.5, 12.3, 6.7, 9.42, 13.3, 8.08, 14.2, 
8.05, 8.02, 7.96, 7.95, 7.3, 6.95, 6.95, 13.8, 12.3, 10.9, 8.3, 
11, 14.8, 14.5, 6.52, 14.9, 9.17, 13, 11.9, 12.8, 14, 9.66, 10.4, 
11.3, 7.68, 14.8, 10.2, 7.93, 11, 12.7, 11.4, 12.4, 12.6, 6.72, 
10.9, 6.72, 13.1, 8.22), y = c(0L, 0L, 25L, 14L, 0L, 21L, 0L, 
0L, 0L, 0L, 24L, 0L, 25L, 0L, 0L, 22L, 29L, 0L, 5L, 1L, 0L, 5L, 
5L, 5L, 11L, 0L, 40L, 0L, 1L, 0L, 0L, 1L, 1L, 6L, 0L, 0L, 6L, 
0L, 14L, 0L, 0L, 1L, 0L, 3L, 0L, 0L, 7L, 0L, 10L, 1L, 30L, 1L, 
8L, 23L, 0L, 12L, 0L, 4L, 0L, 4L, 17L, 0L, 4L, 1L, 0L, 0L, 5L, 
28L, 0L, 5L, 54L, 2L, 19L, 1L, 0L, 10L, 15L, 0L, 0L, 0L, 0L, 
0L, 5L, 1L, 15L, 29L, 1L, 13L, 18L, 0L, 46L, 0L, 4L, 0L, 0L, 
1L, 43L, 59L, 0L, 2L)), class = "data.frame", row.names = c(NA, 
-100L))
