structure(list(speed = c(4, 4, 7, 7, 8, 9, 10, 10, 10, 11, 11, 
12, 12, 12, 12, 13, 13, 13, 13, 14, 14, 14, 14, 15, 15, 15, 16, 
16, 17, 17, 17, 18, 18, 18, 18, 19, 19, 19, 20, 20, 20, 20, 20, 
22, 23, 24, 24, 24, 24, 25), dist = c(1.8, 10.1, 4.2, 21.92, 
15.94, 10.1, 17.93, 26.2, 34.08, 16.9, 27.8, 14.2, 20.2, 23.94, 
27.91, 26.2, 34.2, 33.93, 46.2, 26.004, 36.03, 60.07, 80.05, 
19.8, 26.04, 53.91, 32.2, 39.99, 31.94, 39.97, 50.03, 41.8, 55.96, 
76.2, 84.1, 36.1, 45.92, 68.2, 32.01, 47.93, 51.8, 56.1, 63.97, 
66.08, 54.09, 69.9, 92.02, 92.9, 120.07, 84.9)), row.names = c(NA, 
-50L), class = "data.frame")
