structure(list(x1 = c(4.5, 2.4, 5.2, 9.1, 4.9, 1.8, 3.9, 6.6, 
2.5, 9.7, 1.4, 8.9, 0.66, 5.4, 6.4, 6.8, 3.8, 8.4, 1.4, 4.6, 
5.8, 8.7, 5.6, 0.95, 3.6, 0.24, 3.7, 7.2, 9.4, 3.6, 4.9, 9.7, 
0.39, 4, 0.55, 8.9, 3.6, 0.85, 6.8, 9.5, 2.2, 4.1, 6, 8.7, 10, 
1, 3.8, 5.5, 2.5, 1.7, 7, 5, 1.3, 0.19, 9.5, 0.56, 7.1, 7.6, 
7.1, 3.6, 3.2, 0.16, 7.9, 0.45, 3, 5.4, 3.8, 7.2, 0.17, 0.038, 
8.4, 7.2, 4.2, 2, 6.8, 6.1, 4.6, 1.4, 7.2, 3.5, 4.6, 0.6, 9.2, 
7.4, 9.8, 6.6, 2.5, 4.6, 6.8, 4.1, 5.1, 3.6, 6.4, 4.2, 2.3, 3.1, 
2.9, 7.5, 0.84, 0.84), x2 = c(5.26, 8.99, 4.34, 7.87, 5.29, 3.89, 
4.77, 1.04, 7.4, 6.02, 1.06, 7.46, 2.49, 5.86, 3.98, 6.48, 3.99, 
5.7, -0.575, 3.58, -1.03, -1.49, 7.24, 0.265, 6.86, -0.415, 8.27, 
2.66, 0.371, 8.23, -0.615, 5.96, 5.32, 8.44, 4.72, 4.23, 3.66, 
3.89, 1.43, 7.9, 0.447, 2.79, 8.34, 0.745, 4.45, 8.74, 4.43, 
-1.5, 1.95, 0.603, 6.24, 5.05, 2.58, 5.98, 2.93, -1.5, 2.58, 
1.48, 5.08, 1.29, 1.12, 3.74, 8.85, -0.111, 6.28, 7.52, 5.17, 
-1.37, 6.43, 8.34, 6.59, 4.6, -0.964, 7.65, 7.98, 6.96, 8.26, 
6.84, 0.493, 3.9, 2.41, -1.11, 8.61, 1.9, 6.95, -0.602, 5.86, 
-1.31, 8.34, 2.33, 4.88, 6.08, 5.22, 3.93, 4.76, 1.09, -0.137, 
-0.451, 5.64, 8.79), x3 = c(11.2, 14.6, 10.8, 8.29, 7.32, 15, 
9.05, 14, 13.5, 10.3, 8.38, 12.9, 8.34, 7.64, 10.5, 10.5, 10.7, 
10.1, 13.4, 10.8, 6.93, 14.3, 11.6, 7.78, 6.68, 14.8, 14.6, 6.81, 
7.35, 11.1, 10.3, 7.71, 14.4, 13.5, 6.6, 9.96, 10.1, 8.46, 11.5, 
12.3, 11.4, 14.2, 9.21, 9.38, 7.54, 10.6, 10.3, 6.8, 10.6, 13.5, 
14.8, 6.45, 13.7, 11.3, 14.3, 6.19, 11.5, 12.3, 11.9, 10.8, 13.2, 
6.61, 10.7, 10.3, 8.46, 11.1, 12.2, 9.31, 14.8, 11.4, 11.7, 8.08, 
9.3, 8.79, 6.53, 10.6, 10.1, 6.14, 7.32, 12.6, 8.71, 10.7, 11.7, 
7.11, 6.65, 8.88, 9.16, 10.7, 11.9, 12.9, 12.1, 8.98, 12.6, 8.89, 
8.56, 13.6, 9.76, 10.6, 14, 9.44), y = c(0L, 0L, 0L, 0L, 0L, 
1L, 1L, 7L, 0L, 0L, 8L, 0L, 1L, 0L, 0L, 0L, 1L, 1L, 4L, 0L, 42L, 
112L, 0L, 7L, 0L, 9L, 0L, 3L, 11L, 0L, 31L, 0L, 0L, 0L, 0L, 0L, 
2L, 0L, 4L, 0L, 4L, 1L, 0L, 14L, 1L, 0L, 0L, 52L, 1L, 5L, 0L, 
0L, 0L, 0L, 3L, 17L, 3L, 6L, 1L, 2L, 2L, 0L, 0L, 6L, 0L, 0L, 
0L, 48L, 0L, 0L, 0L, 3L, 22L, 0L, 0L, 0L, 0L, 0L, 9L, 0L, 2L, 
11L, 0L, 2L, 0L, 27L, 0L, 28L, 0L, 2L, 0L, 0L, 0L, 2L, 0L, 1L, 
5L, 23L, 0L, 0L)), class = "data.frame", row.names = c(NA, -100L
))
