structure(list(speed = c(4, 4, 7, 7, 8, 9, 10, 10, 10, 11, 11, 
12, 12, 12, 12, 13, 13, 13, 13, 14, 14, 14, 14, 15, 15, 15, 16, 
16, 17, 17, 17, 18, 18, 18, 18, 19, 19, 19, 20, 20, 20, 20, 20, 
22, 23, 24, 24, 24, 24, 25), dist = c(1.8, 10.2, 3.9, 22.2, 16.2, 
9.91, 17.8, 25.96, 33.95, 16.91, 28.04, 14.03, 19.94, 24.2, 27.8, 
26.2, 34.1, 34.0003, 46.05, 25.93, 36.2, 60.1, 79.8, 19.9, 26.02, 
54.2, 31.8, 40.03, 31.8, 39.8, 50.2, 42.03, 55.8, 75.997, 83.8, 
35.8, 45.94, 67.95, 32.1, 48.1, 51.9, 56.2, 63.98, 65.9, 53.8, 
70.002, 91.8, 93.03, 119.9, 84.8)), row.names = c(NA, -50L), class = "data.frame")
