structure(list(x1 = c(0.18, 9.8, 2.7, 9.5, 8.6, 3.2, 1.3, 4.1, 
3.9, 3.1, 5.9, 5.6, 3.8, 8.4, 0.23, 9.4, 7, 5, 6, 3.6, 8.5, 7.6, 
0.83, 2.3, 5.4, 8.1, 0.8, 5.6, 0.26, 0.43, 8.9, 5.6, 0.53, 4.9, 
1.4, 0.19, 3.8, 4, 7.8, 7.5, 2.8, 8.6, 4.5, 2.6, 1.7, 5, 0.51, 
5.6, 2.9, 1, 4.2, 6.8, 0.86, 7.3, 9.4, 3, 1.2, 4.6, 0.56, 4.3, 
0.69, 9.5, 5.1, 2.9, 7.8, 4.8, 0.74, 3.1, 9.2, 5.9, 3.3, 3.9, 
8.9, 4.8, 7.9, 8, 0.11, 7.9, 6.8, 2.3, 1.1, 9.1, 5.9, 8, 8.4, 
0.2, 3, 5.5, 1.7, 6.4, 1.6, 1.2, 1.1, 7.7, 3, 1.5, 8.7, 3.6, 
3.9, 7.6), x2 = c(3.57, 5.54, 4.05, 4.03, 4.6, 7.87, 1.75, 0.323, 
7.57, 8.02, -1.76, 1.48, 2.76, 8.8, 3.84, 2.86, 0.206, 2.15, 
2.54, 6.18, 5.5, 7.06, 1.11, 8.65, 1.78, 2.8, 8.47, 7.32, 4.63, 
0.802, -0.429, 4.78, -0.106, 3.89, 2.7, 4.82, 2.54, 4.64, 7.44, 
3.87, 7.55, 4.61, 1.85, 6.38, 3.44, 7.85, 6.88, 1.15, 8.68, 6.95, 
7.72, 4.73, 2.88, 8.53, 1.47, -1.73, 0.367, -1.26, 1.9, 7.37, 
6.25, 5.02, 3.49, 5.59, 5.56, 0.0821, 3.31, 8.69, 2.79, 3.02, 
4.68, 8.48, 0.379, 0.292, 7.75, 1.82, 1.37, -0.278, 5.96, 6.6, 
5.65, 8.69, 6.93, 6.22, 3.08, 4.13, -1.7, 6.27, 1.74, -0.18, 
0.397, 6.25, 6.28, -0.384, -1.91, 3.55, 1.65, 1.41, 0.826, 2.1
), x3 = c(14, 11.7, 6.56, 13.9, 13.4, 11.9, 12.9, 14.5, 13, 8.44, 
12.7, 10.4, 10.1, 11.9, 8.79, 13.7, 7.62, 8.82, 7.69, 10.9, 13.4, 
8.68, 7.43, 11.4, 7.17, 12.5, 10.9, 8.49, 6.95, 12.8, 7.1, 11.6, 
9.61, 7.32, 13.3, 11.9, 7.47, 8.02, 13.7, 7.02, 8.44, 13.8, 11.9, 
7.92, 12.8, 11.3, 9.53, 12.8, 12.5, 12.3, 8.6, 13.3, 12.3, 12.7, 
11.7, 14.5, 14.2, 14.3, 8.85, 8.38, 12.4, 6.64, 12.5, 10.3, 9.52, 
7.91, 7.03, 6.02, 7.5, 8.28, 7.9, 13.9, 7.38, 13.8, 7.4, 9.97, 
13, 8.85, 12.3, 6.32, 9.78, 7.95, 14.6, 8.62, 7.09, 9.78, 14.5, 
8.2, 6.61, 10.1, 12.6, 11.6, 12.8, 11.6, 8.76, 11.6, 10.9, 7.67, 
13.8, 10.9), y = c(0L, 0L, 0L, 2L, 1L, 0L, 1L, 9L, 0L, 0L, 58L, 
7L, 4L, 0L, 0L, 0L, 13L, 0L, 3L, 0L, 0L, 0L, 2L, 0L, 2L, 1L, 
0L, 0L, 1L, 2L, 34L, 0L, 7L, 0L, 0L, 1L, 1L, 0L, 0L, 3L, 0L, 
0L, 3L, 0L, 0L, 0L, 0L, 6L, 0L, 0L, 0L, 0L, 0L, 0L, 8L, 26L, 
5L, 37L, 2L, 0L, 0L, 0L, 0L, 0L, 0L, 12L, 1L, 0L, 4L, 0L, 0L, 
0L, 22L, 4L, 0L, 7L, 1L, 33L, 0L, 0L, 0L, 0L, 0L, 1L, 2L, 0L, 
23L, 0L, 3L, 23L, 2L, 0L, 0L, 29L, 44L, 1L, 9L, 1L, 7L, 3L)), class = "data.frame", row.names = c(NA, 
-100L))
