structure(list(speed = c(4, 4, 7, 7, 8, 9, 10, 10, 10, 11, 11, 
12, 12, 12, 12, 13, 13, 13, 13, 14, 14, 14, 14, 15, 15, 15, 16, 
16, 17, 17, 17, 18, 18, 18, 18, 19, 19, 19, 20, 20, 20, 20, 20, 
22, 23, 24, 24, 24, 24, 25), dist = c(2.02, 9.97, 3.8, 21.9, 
16.1, 10.2, 17.9, 25.8, 33.91, 17.02, 28.2, 13.9, 19.93, 24.2, 
27.98, 25.8, 33.8, 34.1, 46.001, 26.2, 35.91, 59.8, 80.1, 20.2, 
25.9, 54.08, 32.2, 39.97, 32.2, 40.2, 49.8, 41.8, 56.2, 75.8, 
84.2, 36.08, 46.1, 68.1, 32.2, 47.8, 51.8, 55.96, 63.8, 66.01, 
54.09, 70.2, 91.94, 92.998, 119.98, 85.09)), row.names = c(NA, 
-50L), class = "data.frame")
