structure(list(x1 = c(5.3, 4.4, 1.7, 2.6, 7.7, 9.8, 2.1, 0.38, 
3.3, 5.5, 8.3, 2.1, 3.6, 9.5, 4.6, 0.29, 1.4, 7.7, 5, 8.3, 3.3, 
1.7, 6.9, 8, 2.9, 6.6, 9.4, 4.4, 8.9, 9.8, 0.089, 1, 9.6, 1.6, 
9.3, 6.6, 7.3, 6.9, 9.1, 0.88, 0.31, 4.2, 1.6, 5.2, 6.7, 9.4, 
3.9, 5, 4.7, 6.7, 4.8, 8.2, 9.6, 1.2, 4.9, 6.1, 8.4, 6.6, 5.5, 
7.9, 7.6, 7.7, 6.3, 5.2, 6.3, 3.6, 2.2, 8.2, 0.77, 4.1, 3.3, 
6, 4.6, 2.1, 5.2, 9.7, 9, 8, 9.5, 9.6, 6.8, 1.9, 9.4, 5.4, 8.3, 
9, 9.7, 1.7, 8.4, 6.7, 1.5, 1.6, 8, 3.9, 4.1, 9.5, 8.7, 2.7, 
2.9, 4.8), x2 = c(3.07, 3.9, -0.12, 5.71, 4.03, -1.23, 4.33, 
7.68, -0.0223, 4.99, 5.34, 2.07, 3.6, 0.0279, 7.22, 3.81, 4.88, 
0.395, 2.72, 4.46, 0.756, 2.42, 5.82, 5.21, -1.53, 4.87, 6.21, 
-0.556, 3.01, 2.65, 2.41, -1.3, -1.84, 3.08, 0.229, 4.7, -0.54, 
0.62, 1.5, 3.13, -1.68, 0.297, 7.63, 5.92, 6.83, 7.24, 7.97, 
-0.537, 0.32, 7.56, 3.96, 5.98, 0.779, 0.843, 0.784, 4.8, 4.51, 
-0.417, 4.33, 3.26, 8.91, 4.42, 3.62, 4.84, 2.99, 4.72, 1.55, 
7.97, 0.155, 1.89, 0.939, -0.431, 2.83, 8.87, 0.898, 6.89, 5.7, 
-0.274, 0.965, -0.476, -0.202, 1.92, 4.09, -0.5, 3.66, 7.99, 
1.73, 1.77, 7.77, 4.86, 8.72, 5.28, 4.78, 5.25, 7.94, 4.62, 7.78, 
7.61, 0.445, -0.331), x3 = c(11.5, 14.6, 12.9, 11.1, 8.69, 13.5, 
6.73, 12.1, 7.87, 14, 11.8, 14.8, 14.4, 9.48, 11.8, 6.78, 13.3, 
10.2, 11.2, 12.3, 10.2, 10.7, 8.71, 12.8, 9.71, 6.39, 10.5, 9.99, 
9.1, 13.2, 14.1, 10.5, 11.3, 13.5, 11.5, 11.3, 14, 10.1, 9.85, 
14, 9.86, 10.8, 6.92, 13.7, 8.61, 14.9, 6.69, 10.9, 8.86, 13.2, 
11.5, 14.5, 12.9, 8.91, 13, 12.8, 8.52, 13.5, 7.97, 11.7, 6.13, 
7.41, 12.1, 8.69, 10.2, 6.27, 7.61, 10, 12.3, 10.7, 6.02, 8.66, 
14.4, 11.3, 12.9, 13.6, 8.12, 11.1, 10.3, 10.7, 11.3, 7.79, 11.6, 
8.47, 13.3, 10.1, 11.2, 9.25, 7.25, 9.69, 12.9, 14.8, 8.82, 8.7, 
9.26, 11.9, 11.3, 9.33, 14.1, 14.9), y = c(1L, 1L, 3L, 0L, 1L, 
83L, 0L, 0L, 10L, 1L, 0L, 1L, 0L, 35L, 0L, 0L, 0L, 12L, 0L, 0L, 
3L, 2L, 0L, 0L, 39L, 0L, 1L, 22L, 3L, 2L, 0L, 16L, 121L, 1L, 
20L, 0L, 28L, 15L, 7L, 2L, 17L, 9L, 0L, 1L, 0L, 0L, 0L, 19L, 
10L, 0L, 1L, 0L, 12L, 4L, 8L, 0L, 0L, 24L, 0L, 1L, 0L, 0L, 1L, 
0L, 0L, 0L, 4L, 0L, 4L, 1L, 2L, 22L, 1L, 0L, 8L, 0L, 0L, 28L, 
11L, 55L, 17L, 0L, 1L, 19L, 1L, 0L, 4L, 3L, 0L, 0L, 0L, 0L, 0L, 
1L, 0L, 0L, 0L, 0L, 7L, 13L)), class = "data.frame", row.names = c(NA, 
-100L))
