structure(list(speed = c(4, 4, 7, 7, 8, 9, 10, 10, 10, 11, 11, 
12, 12, 12, 12, 13, 13, 13, 13, 14, 14, 14, 14, 15, 15, 15, 16, 
16, 17, 17, 17, 18, 18, 18, 18, 19, 19, 19, 20, 20, 20, 20, 20, 
22, 23, 24, 24, 24, 24, 25), dist = c(1.8, 9.8, 3.9, 22.1, 16.1, 
10.2, 18.2, 26.09, 34.04, 17.003, 27.8, 14.08, 20.1, 23.991, 
28.03, 25.96, 33.8, 33.9, 46.007, 26.2, 36.2, 60.2, 79.94, 20.2, 
26.006, 53.9, 32.03, 39.9, 32.2, 40.2, 49.993, 41.8, 56.1, 75.94, 
84.2, 36.2, 46.2, 67.8, 32.2, 47.95, 51.9, 55.9, 63.8, 65.9, 
54.2, 70.04, 91.8, 92.96, 119.8, 85.2)), row.names = c(NA, -50L
), class = "data.frame")
