structure(list(x1 = c(1.6, 1.3, 2.3, 7, 7, 8.2, 9.1, 6.8, 5.8, 
5.1, 1.2, 6.7, 7.2, 4.8, 5.7, 4.2, 0.028, 2.3, 5.1, 9.7, 9.5, 
9.4, 3.7, 9, 5.1, 2.8, 5.7, 2.6, 9.9, 8.4, 4.9, 0.82, 7.8, 3.7, 
8.7, 8.2, 9.4, 0.42, 9.4, 4.1, 2.7, 2.5, 1.3, 2, 9.5, 5.8, 0.023, 
4.2, 0.95, 10, 2.4, 3.2, 2.4, 4.1, 4, 9.2, 8.9, 2.3, 5.9, 8.4, 
8.4, 3.8, 5.9, 8.2, 4.6, 0.15, 4.3, 7.9, 2.9, 7.1, 9.1, 4.2, 
1.7, 8.1, 0.78, 3.2, 3.7, 5.2, 9.9, 2.4, 7.4, 7.4, 0.1, 5.3, 
7.6, 5.7, 2.2, 6.5, 2.9, 8.3, 4.3, 7.3, 0.99, 1.4, 1.4, 1.3, 
3.2, 6.5, 6.1, 4.4), x2 = c(8.87, 0.375, 5.1, 6.52, 1.11, -1.65, 
-1.23, 7.65, 0.0948, 7.58, 6.5, 8.41, 5.79, 5.74, 2.82, -0.476, 
2.48, 8.27, 3.09, 3.36, 2.03, 6.24, 0.617, 6.83, 3.97, 1.9, 2.52, 
4.5, 0.204, 1.95, 7.27, 7.35, 2.91, 0.901, 0.02, 0.255, 6.75, 
6.45, -0.966, 3.18, 1.76, 0.747, 7.6, 3.43, 0.267, -1.27, 3.57, 
3.19, 0.522, 6.52, 7.07, 7.61, 5.32, 2.54, 7.66, 6.97, 8.2, 1.61, 
-0.761, 0.0578, 0.414, 0.75, 1.47, 1.28, 6.4, 7.32, 3.98, -1.56, 
6.74, -0.744, 4.9, 5.36, 5.5, 6.72, 3.18, 4.09, 1.23, 3.02, 6, 
4.18, 7.24, 0.213, 0.889, -0.671, 2.71, 2.03, 6.06, -1.62, 4.8, 
-0.157, 4.7, 0.571, 3.02, 0.783, 4.07, 2.8, 0.735, 0.316, 5.35, 
0.118), x3 = c(14.6, 13.2, 13.2, 12.3, 10.3, 14.5, 13.8, 7.45, 
6.39, 7.59, 9.6, 8.86, 14.8, 12.1, 6.89, 13.1, 8.4, 12.6, 9.08, 
9.03, 8.14, 13.2, 12.3, 10.2, 9.66, 13.9, 10.9, 9.41, 13.1, 9.18, 
12.4, 10.3, 7.59, 8.42, 12.1, 9.94, 11.5, 11.7, 9.39, 6.74, 10.1, 
8.18, 14.3, 8.82, 14.4, 13.9, 9.16, 14.8, 7.68, 12.5, 14.8, 10.3, 
14.7, 7.73, 13.9, 14.7, 14.8, 13, 9.33, 8.28, 14.4, 9.91, 10.7, 
6.37, 10.6, 7.19, 6.04, 11, 8.07, 8.95, 10.4, 9.05, 10, 13.1, 
14.8, 14.8, 10.4, 12.5, 7.06, 12.3, 14, 8.04, 6.28, 10.4, 11.5, 
6.82, 14.8, 12.3, 12.6, 7.92, 8.15, 14.6, 6.16, 13.6, 8.02, 12.7, 
12.2, 13.5, 13.9, 11.7), y = c(0L, 3L, 0L, 0L, 9L, 102L, 76L, 
0L, 12L, 0L, 0L, 0L, 0L, 0L, 3L, 11L, 2L, 0L, 1L, 3L, 5L, 0L, 
5L, 1L, 0L, 1L, 2L, 0L, 22L, 5L, 0L, 0L, 2L, 1L, 33L, 18L, 0L, 
0L, 76L, 2L, 1L, 6L, 0L, 0L, 30L, 40L, 1L, 1L, 5L, 0L, 0L, 0L, 
0L, 0L, 0L, 0L, 0L, 1L, 22L, 29L, 20L, 9L, 3L, 7L, 0L, 0L, 0L, 
83L, 0L, 36L, 0L, 0L, 0L, 0L, 0L, 0L, 2L, 1L, 0L, 0L, 0L, 16L, 
2L, 20L, 3L, 6L, 0L, 48L, 1L, 19L, 0L, 8L, 0L, 1L, 1L, 0L, 5L, 
16L, 0L, 13L)), class = "data.frame", row.names = c(NA, -100L
))
