structure(list(speed = c(4, 4, 7, 7, 8, 9, 10, 10, 10, 11, 11, 
12, 12, 12, 12, 13, 13, 13, 13, 14, 14, 14, 14, 15, 15, 15, 16, 
16, 17, 17, 17, 18, 18, 18, 18, 19, 19, 19, 20, 20, 20, 20, 20, 
22, 23, 24, 24, 24, 24, 25), dist = c(1.8, 10.2, 3.8, 21.9, 15.9, 
10.2, 18.2, 25.91, 34.09, 17.2, 28.04, 14.04, 19.99, 23.8, 27.8, 
26.1, 34.2, 34.2, 46.2, 25.991, 36.07, 60.2, 80.1, 19.95, 26.1, 
53.98, 31.8, 39.8, 32.005, 39.8, 49.9, 42.06, 56.2, 76.002, 83.95, 
35.8, 45.99, 67.8, 32.1, 48.02, 52.1, 55.9, 64.05, 65.8, 54.1, 
70.2, 91.8, 93.1, 120.1, 85.1)), row.names = c(NA, -50L), class = "data.frame")
