structure(list(x1 = c(0.85, 9.3, 0.81, 2.1, 2.9, 9.1, 9.1, 3.1, 
6.8, 9.3, 5.8, 5.8, 4.8, 0.66, 1.5, 7.6, 9, 8.8, 9.4, 4.8, 6.4, 
8.7, 7.3, 4, 7.9, 4.5, 0.43, 1.8, 5.1, 0.21, 2.8, 6.2, 9.1, 5, 
4.1, 0.82, 4.7, 1.6, 7.7, 5.5, 7.7, 2.1, 6, 1.9, 7.4, 9.4, 0.56, 
7.3, 7, 7.7, 6.8, 9.9, 3, 5, 2.5, 1.4, 2, 1.2, 7.2, 8, 2.2, 5.9, 
4.7, 9.8, 2.5, 3.6, 9.8, 6, 0.6, 5.1, 2.7, 9.3, 4.3, 7.5, 3.8, 
5, 1.8, 1, 6.1, 6.6, 0.22, 9.5, 8.1, 4.9, 3.6, 2.1, 0.77, 3.2, 
6.1, 1.4, 6.8, 6.4, 7.6, 0.89, 9.7, 3.9, 6.1, 2.2, 2.7, 7.2), 
    x2 = c(2.5, 0.25, 4.4, 6.81, -0.994, 4.94, 6.68, 8.12, 8.68, 
    1.42, -1.78, -0.116, 5.39, 4.85, 0.416, -1.76, 5.28, 4.19, 
    -0.171, 6.74, 4.8, 3.26, 4.84, 3.66, -1.97, -1.27, 3.53, 
    -1.3, 4.09, -0.513, 0.279, -1.22, 3.28, -1.7, 7.4, -1.1, 
    -1.22, 3.76, -1.62, 8.93, 0.255, 2.86, 2.4, -1.04, 1.07, 
    1.88, 4.41, 5.63, 0.263, 4.92, 2.82, -1.5, 6.5, -1.17, 7.79, 
    2.19, 3.32, 4.16, 4.56, 4.18, 6.56, 0.806, 2.22, 0.174, -0.649, 
    8.15, -0.208, 4.14, -1.09, 7.9, 6.29, 2.5, -0.686, 7.46, 
    2.54, -0.436, 0.145, 4.98, 7.29, 4.32, -0.636, -0.23, 2.65, 
    0.653, -0.691, 6.18, 3.83, 1.35, -0.827, 1.44, 8.56, 1.86, 
    2.52, 6.1, 3.26, 1.48, 2.92, 8.88, 6.21, 7.18), x3 = c(13.8, 
    9.32, 6.93, 8.49, 8.19, 14.5, 14.1, 10.7, 13.4, 11.5, 11.8, 
    13.3, 7.8, 8.36, 11.2, 12, 13.7, 13.9, 11.1, 8.79, 7.8, 6.89, 
    10.8, 15, 12.5, 14.3, 11.5, 13, 13.1, 8.86, 9.71, 14.3, 6.01, 
    12.5, 9.28, 13.9, 10.6, 12.5, 12.6, 13.1, 14.2, 8.33, 10.6, 
    6.77, 9.11, 14.9, 12.5, 13.7, 6.87, 11.7, 11.2, 7.09, 13.2, 
    14.2, 14.7, 14.8, 13.6, 9.18, 10.9, 11.8, 10.4, 11.6, 9.14, 
    14.8, 14.9, 8, 7.94, 10.6, 8.05, 11, 10.5, 14.7, 10.8, 7.56, 
    6.65, 12.7, 13.9, 8.43, 8.69, 12.8, 7.82, 13.1, 13.5, 12.5, 
    8.15, 9.87, 6.76, 11.8, 9.14, 10.6, 6.97, 13, 7.33, 9.67, 
    10.1, 8.38, 9.57, 11.7, 10.9, 14.4), y = c(0L, 19L, 0L, 0L, 
    18L, 0L, 0L, 0L, 0L, 10L, 62L, 13L, 0L, 0L, 4L, 62L, 0L, 
    0L, 36L, 0L, 0L, 0L, 0L, 0L, 114L, 21L, 3L, 15L, 1L, 11L, 
    2L, 48L, 1L, 43L, 0L, 13L, 30L, 0L, 82L, 0L, 21L, 0L, 7L, 
    12L, 10L, 6L, 0L, 0L, 16L, 1L, 0L, 116L, 0L, 27L, 0L, 2L, 
    0L, 2L, 0L, 1L, 0L, 5L, 4L, 27L, 10L, 0L, 31L, 0L, 11L, 0L, 
    0L, 3L, 14L, 0L, 0L, 14L, 5L, 0L, 0L, 0L, 7L, 31L, 1L, 6L, 
    15L, 0L, 1L, 4L, 21L, 2L, 0L, 4L, 1L, 0L, 3L, 5L, 1L, 0L, 
    0L, 0L)), class = "data.frame", row.names = c(NA, -100L))
