structure(list(speed = c(4, 4, 7, 7, 8, 9, 10, 10, 10, 11, 11, 
12, 12, 12, 12, 13, 13, 13, 13, 14, 14, 14, 14, 15, 15, 15, 16, 
16, 17, 17, 17, 18, 18, 18, 18, 19, 19, 19, 20, 20, 20, 20, 20, 
22, 23, 24, 24, 24, 24, 25), dist = c(1.8, 9.8, 3.9, 22.1, 15.8, 
9.96, 17.9, 25.95, 34.1, 16.8, 27.9, 13.9, 19.9, 24.09, 27.9, 
26.07, 34.001, 34.2, 46.2, 25.9, 36.2, 59.8, 79.96, 20.2, 25.92, 
53.998, 31.9, 39.8, 31.8, 39.8, 50.1, 42.01, 56.09, 76.1, 83.8, 
36.2, 46.06, 68.06, 31.98, 47.96, 52.2, 56.04, 64.1, 65.9, 54.08, 
69.8, 91.9, 93.05, 119.9, 85.01)), row.names = c(NA, -50L), class = "data.frame")
