structure(list(x1 = c(0.2, 1.2, 2.7, 7.4, 1.6, 4.1, 2.5, 4.1, 
7.8, 1.2, 2.9, 2.2, 2.9, 6.7, 2.7, 6.4, 5, 9.1, 8.3, 2.7, 8.9, 
1.7, 4.2, 9, 3.4, 5, 2.8, 2, 1.7, 1.2, 7.7, 5.3, 6.8, 7.8, 1.8, 
9.6, 6.1, 6.2, 4.7, 4.3, 9.3, 5.8, 7.5, 2.5, 6.6, 0.27, 3.1, 
6, 2.7, 5.2, 0.75, 6.8, 3.3, 10, 6.7, 1.3, 1.7, 6.2, 4.8, 8.4, 
1.9, 8.1, 5.5, 0.07, 6.3, 4.6, 4.2, 2.6, 1.7, 3.5, 8.9, 2.9, 
5, 9.6, 1.3, 6, 1.2, 4.3, 0.18, 1.5, 8.6, 5.9, 0.78, 8.5, 2.3, 
5.2, 9.1, 6.2, 1.1, 5.2, 6.9, 3.5, 1.1, 5.7, 6.7, 1.6, 8.5, 1.1, 
0.41, 6.3), x2 = c(-0.72, 8.13, 1.13, 2.23, -0.649, 6.47, 0.607, 
6.33, 5.41, 8.67, 8.68, 4.87, 0.216, 7.93, 4.95, 8.54, 6.5, 2.51, 
4.81, 0.344, -0.771, 8.65, -0.75, -1.88, 8.05, 4.19, 7.61, 6.67, 
-1.08, 3.77, 6.33, 3.36, 7.03, 8.45, 8.08, 4.15, -1.25, 6.03, 
5.9, 4.48, 1.49, 6.85, 2.45, 3.31, -0.907, -0.43, 8.69, 3.06, 
-1.84, 3.05, 1.72, 7.49, 8.89, 2.81, 3.35, 1.47, 2.43, 1.8, 3.75, 
-0.0492, 4.9, 6.96, 0.397, 7.3, 5.04, 5.24, 6.64, -1.83, 1.02, 
4.62, 8.75, 7.03, 4.76, 8.56, 7.3, 4.24, -1.76, 5.79, 7.69, 1.73, 
4.88, 7.85, -1.77, 3.67, 8.77, 1.93, 0.168, -1.45, 2.68, 3.82, 
3.88, 8.71, 8.03, 2.09, -1.27, 6.56, -0.968, 8.23, 5.85, 6.45
), x3 = c(9.23, 10.1, 13.5, 8.67, 9.88, 12, 7.41, 12.1, 9.72, 
9.93, 14.5, 11.8, 7.17, 9.43, 6.35, 13.9, 9.19, 13.4, 8.28, 10.8, 
14.5, 13.4, 11.3, 14.3, 11.4, 6.65, 11.2, 7.71, 14.8, 9.87, 9.15, 
7.01, 13.9, 13.6, 10.6, 7.51, 6.4, 7.19, 8.36, 10.1, 14.7, 6.81, 
13, 12.5, 9.73, 10, 11.3, 7.03, 10.5, 13.6, 13.4, 11.1, 14.6, 
10.8, 13.1, 10.2, 7.41, 11.7, 12.6, 14.6, 12.1, 12.9, 13.5, 12.2, 
8.2, 13.6, 13.1, 9.67, 11.9, 11.1, 12.4, 12.7, 6.98, 12.8, 9.41, 
8.66, 7.03, 9.08, 14.9, 7.13, 13.8, 7.95, 7.41, 10.2, 7, 7.97, 
13.5, 6.33, 12.1, 7.1, 8.38, 14.9, 14.3, 10.8, 13.7, 11.7, 11.2, 
7.37, 13.6, 7.61), y = c(6L, 0L, 2L, 4L, 7L, 0L, 4L, 0L, 1L, 
0L, 0L, 0L, 3L, 2L, 0L, 0L, 0L, 6L, 1L, 9L, 49L, 0L, 14L, 121L, 
0L, 1L, 0L, 0L, 11L, 1L, 0L, 1L, 1L, 0L, 0L, 0L, 38L, 0L, 0L, 
1L, 7L, 0L, 2L, 1L, 41L, 5L, 0L, 4L, 29L, 0L, 0L, 0L, 0L, 6L, 
0L, 3L, 0L, 6L, 0L, 25L, 0L, 0L, 10L, 0L, 1L, 0L, 0L, 36L, 3L, 
0L, 0L, 0L, 1L, 0L, 0L, 2L, 20L, 1L, 0L, 2L, 0L, 0L, 14L, 3L, 
0L, 2L, 24L, 50L, 0L, 2L, 0L, 0L, 0L, 2L, 47L, 0L, 47L, 0L, 0L, 
0L)), class = "data.frame", row.names = c(NA, -100L))
