structure(list(x1 = c(6.9, 6.6, 6, 7.7, 9.5, 2.9, 4.7, 7.9, 0.26, 
9.3, 7.6, 3.2, 0.55, 2.3, 6.8, 6.9, 5.4, 4.3, 9.3, 0.91, 9.2, 
6.5, 5.5, 5.1, 8.9, 1.3, 5.5, 4.5, 1, 8.7, 9.6, 0.41, 5.5, 2.5, 
8.7, 3.5, 4.1, 6.4, 1.2, 6.9, 5.7, 1.2, 4.8, 2.5, 3.5, 3.8, 9.2, 
7.1, 2.4, 6.6, 3.3, 3.7, 8.2, 2.9, 5.4, 5.4, 9.8, 8.9, 5.1, 4.4, 
4.8, 0.32, 9.6, 7.9, 7.6, 3.3, 5.8, 0.96, 6.6, 8.3, 3.9, 4.8, 
8.6, 3.4, 3.2, 4.7, 3.7, 5.8, 8.1, 10, 10, 3.8, 1.7, 0.43, 7.2, 
7.4, 0.29, 7.9, 2.7, 2.8, 1.1, 8.9, 0.58, 0.97, 6.9, 3.8, 9.2, 
2.5, 0.52, 3.7), x2 = c(1.95, 7.83, 2.59, -1.44, 8.28, 1.63, 
0.285, 7.34, 6.19, 3.29, 4.33, -0.793, 6.33, 6.94, 0.461, 1.41, 
4.58, 7.01, 1.08, 5.77, 7.67, 2.4, 7.2, 1.22, 5.12, -0.0406, 
1.52, 0.456, 0.32, -0.366, 3.87, 0.899, 1.37, 7.03, -1.53, -1.69, 
1.12, -1.88, 2.35, 5.28, 6.93, -0.758, 4.24, 1.23, 8.67, 6.28, 
6.86, -0.358, -0.0342, 6.2, 6.12, 3.63, 4.38, 1.2, 3.79, 3.84, 
8.71, 1.72, 1.95, 6.7, 4.04, 1.96, 5.42, 1.42, -0.151, 3.71, 
4.91, 8.95, -1.17, 4.47, 3.56, 4.38, 7.54, 0.339, -1.44, 6.21, 
2.16, 4.38, -1.2, 1.47, 6.85, 0.792, 4.85, 3.7, 4.25, 3.23, 4.74, 
1.96, 7.13, 0.68, 7.86, 8.98, 0.652, 4.57, 1.07, 4.8, 5.22, 4.16, 
1.02, 4.04), x3 = c(6.79, 10.4, 13.6, 12.5, 12.3, 6.93, 11.1, 
12.8, 14.7, 10.1, 12.9, 12.1, 14.1, 12.8, 8.36, 10.5, 10, 9.69, 
7.34, 10.4, 13, 14.5, 9.08, 13.8, 11.2, 9.84, 14.6, 8.41, 6.29, 
12.3, 9.96, 11.9, 14, 12.7, 13.1, 12.8, 6.71, 8.25, 7.44, 12.7, 
11, 7.21, 12.7, 12.4, 11.7, 11.3, 14.7, 8.14, 7.94, 12.3, 10.7, 
7.59, 7.54, 7.34, 10, 11.5, 13.3, 14.3, 14.3, 10.1, 6.19, 13.8, 
14.6, 14.1, 14.5, 12, 9.04, 14.7, 14.8, 10.2, 8.86, 11.1, 14.6, 
14.1, 7.49, 10.1, 6.58, 9.04, 9.39, 10.7, 12.5, 14.9, 9.62, 10.2, 
10.5, 13.7, 6.15, 6.04, 12.6, 9.19, 11.9, 8.1, 14.2, 10.9, 13.4, 
11.2, 6.97, 14.9, 9.86, 11.2), y = c(4L, 0L, 4L, 66L, 0L, 4L, 
15L, 1L, 0L, 2L, 0L, 19L, 0L, 0L, 6L, 7L, 0L, 0L, 9L, 0L, 0L, 
4L, 0L, 6L, 0L, 7L, 2L, 5L, 2L, 30L, 1L, 3L, 4L, 0L, 85L, 39L, 
1L, 81L, 1L, 0L, 0L, 7L, 1L, 4L, 0L, 0L, 0L, 18L, 9L, 1L, 0L, 
2L, 0L, 4L, 2L, 0L, 0L, 6L, 3L, 0L, 0L, 0L, 0L, 5L, 23L, 0L, 
0L, 0L, 41L, 0L, 1L, 1L, 0L, 6L, 28L, 0L, 0L, 1L, 65L, 9L, 0L, 
3L, 0L, 0L, 0L, 2L, 0L, 9L, 0L, 3L, 0L, 0L, 4L, 0L, 9L, 0L, 1L, 
0L, 1L, 0L)), class = "data.frame", row.names = c(NA, -100L))
