structure(list(speed = c(4, 4, 7, 7, 8, 9, 10, 10, 10, 11, 11, 
12, 12, 12, 12, 13, 13, 13, 13, 14, 14, 14, 14, 15, 15, 15, 16, 
16, 17, 17, 17, 18, 18, 18, 18, 19, 19, 19, 20, 20, 20, 20, 20, 
22, 23, 24, 24, 24, 24, 25), dist = c(1.8, 10.2, 3.92, 22.1, 
16.2, 9.8, 17.95, 25.8, 33.97, 16.8, 28.2, 14.2, 19.94, 24.1, 
28.2, 25.9, 34.2, 34.02, 45.8, 25.94, 35.8, 60.1, 79.9, 19.95, 
26.2, 54.2, 32.07, 39.94, 31.9, 39.8, 49.8, 42.04, 55.95, 75.8, 
83.8, 35.9, 46.1, 67.95, 31.8, 48.2, 51.9, 55.8, 63.9, 65.93, 
54.08, 69.8, 91.8, 93.2, 120.2, 84.9)), row.names = c(NA, -50L
), class = "data.frame")
