structure(list(speed = c(4, 4, 7, 7, 8, 9, 10, 10, 10, 11, 11, 
12, 12, 12, 12, 13, 13, 13, 13, 14, 14, 14, 14, 15, 15, 15, 16, 
16, 17, 17, 17, 18, 18, 18, 18, 19, 19, 19, 20, 20, 20, 20, 20, 
22, 23, 24, 24, 24, 24, 25), dist = c(2.09, 10.08, 4.05, 22.1, 
16.2, 9.9, 17.98, 26.1, 33.8, 17.2, 28.1, 13.91, 19.8, 23.9, 
28.09, 26.09, 34.02, 33.97, 46.2, 25.8, 36.2, 60.08, 80.02, 20.005, 
26.2, 53.8, 32.02, 39.97, 31.8, 40.2, 50.2, 41.8, 56.03, 75.9, 
84.2, 35.93, 45.95, 68.07, 31.8, 48.09, 52.03, 55.8, 63.991, 
65.9, 53.92, 69.94, 92.2, 93.1, 119.9, 85.08)), row.names = c(NA, 
-50L), class = "data.frame")
