structure(list(x1 = c(0.68, 8, 3.4, 7.7, 9.2, 0.64, 4, 1.8, 4.4, 
1.6, 9.1, 9, 3.8, 7.2, 9.2, 3.1, 8.8, 5.4, 0.29, 3.8, 0.38, 7.7, 
2.5, 4, 8.3, 8.9, 6.5, 3.8, 2.8, 0.36, 1.3, 5.8, 4, 0.37, 0.1, 
3, 7.4, 4.1, 1, 8.3, 2.6, 0.0047, 2.8, 3.7, 6.6, 0.029, 1.2, 
8.7, 9.9, 2.3, 7.3, 7.3, 9.4, 6.7, 3.5, 0.97, 9.1, 2, 2.6, 4.7, 
4.6, 0.45, 3.8, 6.2, 3.5, 7.6, 3.9, 4.7, 8.1, 5.7, 7.2, 5.7, 
5.9, 1.1, 6.4, 5, 3.6, 9.1, 6.7, 1.9, 2, 1.2, 2.3, 0.12, 9.5, 
4.5, 8.8, 9.8, 9.3, 8.5, 1.7, 5.1, 4.7, 6, 8.6, 3.3, 3.4, 6.9, 
5.9, 7.1), x2 = c(1.62, 4.93, 1.54, 8.27, 6.1, 7.56, -0.101, 
1.04, 5.1, 0.395, 2.45, 1.62, -0.552, -1.15, 7.86, 3.96, 5.59, 
-0.461, 1.19, 3.48, 0.644, 5.62, 3.75, -0.174, 3.53, 0.889, 6.59, 
6.25, 7.16, 1.2, 1.19, -1.03, -1.36, 3.01, -0.379, 5.88, -0.998, 
-1.5, -0.401, 3.99, 7.11, 7.58, 6.13, 2.08, -0.958, 7.4, -0.385, 
0.0483, 5.45, 4.59, -0.484, -0.257, 7.82, -0.15, 6.46, -1.37, 
-1.36, 7.48, 8.34, 2.92, -0.122, 5.78, 4.9, 1.57, 4.82, 0.287, 
3.41, 5.49, 4.82, 1.19, 5.5, -1.14, -1.6, 2.05, 1.11, 4.61, 0.643, 
-1.67, 8.81, 6.6, -0.902, -0.938, 1.65, 8.15, 2.15, 1.69, 7.85, 
2.25, 0.787, 7.14, 7.26, 6.07, 6.01, 0.235, 8.48, 2.66, 2.21, 
-1.89, 3.08, 2.16), x3 = c(11.8, 7.45, 7.62, 8.19, 12.9, 12.5, 
11.6, 7.06, 13.3, 8.04, 8.26, 9.19, 14.8, 13.1, 10.7, 14.5, 11.9, 
8.54, 8.13, 13.5, 13.9, 12.4, 14.7, 8.05, 6.44, 12.1, 13.3, 10.3, 
10.2, 13.9, 6.63, 12.8, 8.29, 7.77, 12.6, 6.97, 11.7, 12.2, 14.2, 
6.62, 6.22, 10.3, 6.54, 9.02, 9.04, 14.9, 7.72, 12.5, 11, 8.49, 
11.4, 8.02, 11.4, 13.3, 7.58, 14.6, 14.5, 10.2, 14.7, 14.8, 9.53, 
13, 7.52, 10.8, 6.28, 8.43, 11.8, 12.4, 13.2, 10.1, 9.01, 8.87, 
7.58, 9.74, 6.18, 12.9, 12.6, 10.1, 13.1, 9.91, 10.7, 7.28, 14.7, 
14.3, 10.4, 9.6, 8.7, 11.9, 7.14, 7.31, 14.8, 10.4, 8.38, 11.8, 
14.3, 6.96, 12.1, 10.7, 8.98, 10.9), y = c(1L, 0L, 2L, 0L, 0L, 
0L, 13L, 1L, 1L, 2L, 0L, 9L, 13L, 43L, 0L, 1L, 0L, 22L, 1L, 1L, 
4L, 0L, 0L, 17L, 1L, 17L, 0L, 0L, 0L, 2L, 2L, 48L, 40L, 0L, 6L, 
0L, 30L, 26L, 2L, 0L, 0L, 0L, 0L, 1L, 43L, 0L, 4L, 23L, 1L, 0L, 
32L, 20L, 0L, 17L, 0L, 11L, 76L, 0L, 0L, 3L, 17L, 0L, 0L, 3L, 
0L, 20L, 1L, 0L, 0L, 5L, 1L, 39L, 59L, 0L, 11L, 0L, 5L, 100L, 
0L, 0L, 11L, 12L, 1L, 0L, 5L, 4L, 0L, 7L, 11L, 0L, 0L, 0L, 0L, 
12L, 1L, 2L, 1L, 63L, 1L, 3L)), class = "data.frame", row.names = c(NA, 
-100L))
