structure(list(speed = c(4, 4, 7, 7, 8, 9, 10, 10, 10, 11, 11, 
12, 12, 12, 12, 13, 13, 13, 13, 14, 14, 14, 14, 15, 15, 15, 16, 
16, 17, 17, 17, 18, 18, 18, 18, 19, 19, 19, 20, 20, 20, 20, 20, 
22, 23, 24, 24, 24, 24, 25), dist = c(1.9, 9.99, 4.06, 21.9, 
15.97, 9.9, 17.97, 26.2, 34.02, 16.98, 28.05, 14.2, 19.9, 24.2, 
27.9, 25.98, 33.8, 34.1, 46.04, 26.06, 36.06, 59.8, 80.1, 19.8, 
26.2, 54.1, 31.93, 39.8, 32.2, 39.9, 49.995, 42.1, 56.2, 76.05, 
83.94, 36.05, 45.95, 68.04, 32.2, 47.97, 51.98, 56.05, 64.1, 
66.1, 54.2, 70.05, 91.96, 93.2, 119.9, 85.2)), row.names = c(NA, 
-50L), class = "data.frame")
