structure(list(x1 = c(2.4, 4.8, 6.1, 2.9, 4.4, 2.6, 4.5, 8.3, 
5.4, 4.6, 6, 8.4, 2.8, 9.3, 2.3, 4.6, 1.6, 6.9, 5.7, 6.2, 6.1, 
1.8, 7.7, 0.36, 9.5, 7, 3.5, 1.4, 10, 3, 4.9, 7.2, 9.5, 6.1, 
3.7, 6.1, 4, 5.8, 9, 4.4, 4.6, 6.1, 6.9, 7.2, 8.3, 6, 4.3, 9.7, 
2.8, 9, 0.46, 8.1, 4.2, 0.39, 7, 9.1, 4.4, 1.4, 1.2, 8.2, 0.23, 
7.1, 0.41, 1.1, 2.8, 0.49, 1.2, 9.9, 8.5, 8.5, 1.6, 2, 7.4, 4.6, 
2.5, 3.8, 3.8, 2.4, 9.2, 2.8, 3.5, 6.1, 8.4, 8.8, 3.1, 7.9, 7.1, 
6.6, 9.3, 9.8, 4.9, 9.2, 1, 0.57, 2.2, 6, 0.26, 5.9, 9.9, 8.3
), x2 = c(6.78, 8.81, 2.32, 2.18, 8.18, 6.19, 7.61, 3.84, 4.02, 
1.21, 2.34, 7.54, 7.92, 0.345, -1.76, 0.496, 5.73, -0.456, 4.42, 
2.86, -1.52, -1.32, 2.48, 3.19, -0.676, -0.979, 0.682, -0.345, 
-0.486, 8.48, 3.07, 5.76, 6.61, 4.91, 8.05, 5.66, 6.25, 1.62, 
2.49, 1.98, 5.8, 4.47, -0.383, 8.61, 1.87, 4.44, -0.232, 4.4, 
0.165, 5.29, 0.147, 1.94, 3.36, 8.74, 1.7, 6.14, 7.71, 5.48, 
0.986, -0.0144, 3.36, -1.14, 0.421, 6.97, 8.05, 7.74, 4.15, 2.98, 
-0.392, 1.66, 0.808, 6.7, 6.8, 6.91, -1.94, 8.37, 8.73, 0.946, 
5.31, 3.22, 5.63, 6.13, 0.0595, 2.71, 6.24, 1.55, 3.91, 7.47, 
8.21, 4.47, 5.62, 4.97, 4.11, 4.65, -1.15, 3.57, -0.602, 7.65, 
4.98, 7.75), x3 = c(14.8, 7.59, 13.2, 9.15, 7.51, 14.7, 7.29, 
11.4, 11.3, 14.5, 14.4, 13, 10.1, 7.07, 7.07, 14.3, 9.64, 10.2, 
8.75, 8.07, 6.64, 14.8, 6.5, 8.91, 7.16, 12.4, 13.5, 13.4, 13.3, 
8.58, 8.3, 7.12, 7.09, 12.7, 9.19, 10.6, 11.3, 7.07, 12.3, 14.1, 
13.3, 14.8, 13, 8.41, 14, 7.38, 9.14, 12.8, 8.23, 14.2, 9.9, 
8.43, 8.12, 13.9, 7.69, 9.6, 14.9, 7.69, 6.88, 10.8, 12.3, 11.4, 
8.85, 7.22, 10, 12.9, 6.13, 14.1, 10.5, 7.02, 10.7, 14.5, 13.5, 
13.5, 11.4, 14.3, 13, 11.9, 12.1, 10.4, 15, 14.7, 12.4, 10, 12.6, 
9.37, 14.9, 12.2, 7.14, 9.23, 13.5, 13.1, 11.5, 13.6, 9.34, 10.9, 
9.95, 10.7, 9.23, 7.4), y = c(0L, 0L, 2L, 1L, 0L, 0L, 0L, 0L, 
1L, 8L, 3L, 0L, 0L, 25L, 30L, 7L, 0L, 31L, 0L, 0L, 41L, 19L, 
4L, 0L, 42L, 40L, 1L, 3L, 51L, 0L, 1L, 0L, 0L, 0L, 0L, 0L, 0L, 
2L, 3L, 4L, 0L, 1L, 25L, 0L, 5L, 1L, 12L, 1L, 10L, 1L, 3L, 5L, 
1L, 0L, 4L, 1L, 0L, 0L, 2L, 19L, 0L, 41L, 1L, 0L, 0L, 0L, 1L, 
2L, 32L, 0L, 4L, 0L, 0L, 0L, 34L, 0L, 0L, 2L, 0L, 2L, 0L, 0L, 
22L, 3L, 1L, 6L, 1L, 0L, 0L, 0L, 0L, 0L, 1L, 0L, 14L, 0L, 10L, 
0L, 0L, 0L)), class = "data.frame", row.names = c(NA, -100L))
