structure(list(speed = c(4, 4, 7, 7, 8, 9, 10, 10, 10, 11, 11, 
12, 12, 12, 12, 13, 13, 13, 13, 14, 14, 14, 14, 15, 15, 15, 16, 
16, 17, 17, 17, 18, 18, 18, 18, 19, 19, 19, 20, 20, 20, 20, 20, 
22, 23, 24, 24, 24, 24, 25), dist = c(1.94, 9.8, 3.8, 22.2, 15.8, 
10.2, 17.92, 25.9, 34.1, 16.8, 28.2, 14.08, 20.2, 23.9, 27.98, 
26.2, 33.8, 34.2, 45.94, 25.9, 36.09, 59.8, 79.8, 20.1, 26.2, 
53.96, 32.01, 39.8, 31.9, 40.07, 50.1, 42.07, 55.8, 75.9, 84.2, 
36.02, 45.95, 67.97, 32.1, 47.94, 51.9, 56.2, 64.04, 66.1, 53.9, 
69.9, 91.8, 92.9, 120.2, 84.9)), row.names = c(NA, -50L), class = "data.frame")
