structure(list(x1 = c(3.8, 1.5, 0.43, 8.8, 1.2, 8.8, 3.3, 2.9, 
7.5, 0.69, 8.6, 6.5, 8.4, 2, 4.6, 9.8, 0.12, 8.8, 3.7, 2.7, 6.8, 
1.5, 0.1, 7.8, 8.6, 4.3, 5.3, 0.28, 2.5, 6.5, 7.8, 6.4, 1.6, 
2.4, 8.7, 5.5, 4, 4.4, 7.3, 3.7, 3, 9.5, 5.8, 7.2, 2.2, 2.8, 
0.29, 2.9, 9.9, 2.2, 1.4, 2.2, 1, 7.2, 5.2, 9.9, 4, 5.1, 0.15, 
1.9, 8.9, 8.3, 3.1, 1.3, 1.2, 4.2, 2.7, 8.7, 9.5, 9.9, 5.7, 1.1, 
8.3, 5.6, 8.1, 6.5, 5.4, 3.3, 4, 8.8, 3.2, 9.5, 1.7, 2.1, 2, 
3.3, 7.4, 0.82, 2.7, 6.6, 4.6, 0.89, 4.8, 7.4, 7.4, 5.9, 2.3, 
9.7, 5.9, 9), x2 = c(8.26, -0.681, -0.174, 6.75, 8.29, 5.51, 
7.67, 5.61, 6.48, 1.62, 7.14, 6.22, 8.02, 2.02, 2.85, -0.942, 
7.43, 7.55, -1.74, 6.37, -1.15, -0.12, 6.88, -1.89, 6.11, 6.25, 
-1.07, 1.07, -0.975, 1.27, 0.144, 1.45, 2.41, 7.7, 3.1, 6.92, 
5.77, 7.35, 6.2, 4.23, -0.0428, 3.76, 1.43, 3.47, 6.31, 6.02, 
7.48, 5.12, 0.48, 6.22, 3, 2.75, 4.02, 7.06, 7.17, 4.14, 5.89, 
1.53, 4.64, -0.4, 7.5, -1.13, 6.81, -0.842, 5.67, 3.9, -0.557, 
0.639, 3.88, -1.57, -2, -0.0214, 1.61, 8.31, 5.45, 0.835, 6.59, 
1.26, 0.0108, 7.36, 1.02, 0.61, 6.05, 4.22, 6.86, 6.38, 2.29, 
-0.977, 8.4, 7.13, 5.95, 1.31, -1.86, 6.36, 4.21, 3.69, 6.18, 
8.78, 1.01, 2.64), x3 = c(13.8, 11.1, 6.91, 11.6, 8.7, 11.2, 
11.8, 12.7, 6.04, 7.14, 10.9, 14.3, 9.58, 14, 6.19, 6.77, 13, 
10.5, 12.5, 13.2, 11, 6.58, 8.96, 10.9, 7.56, 13.3, 13.2, 8.25, 
11, 6.57, 8.11, 8.59, 13, 6.14, 12.5, 9.4, 9.08, 8.34, 7.55, 
10, 10.6, 10.6, 6.28, 8.19, 9.17, 7.72, 10.6, 9.84, 7.74, 11.2, 
12.7, 13.1, 11.1, 14.8, 14.8, 6.49, 13.2, 14.4, 6.72, 7.94, 7.16, 
6.46, 14.3, 9.39, 9.32, 7.38, 14.9, 6.93, 14.2, 6.68, 11, 11.6, 
6.28, 7.64, 11.6, 13.2, 8.62, 9.3, 9.56, 14.9, 14.4, 6.44, 13.9, 
10.1, 11.8, 6.41, 6.95, 10, 8.53, 7.28, 10.8, 8.15, 14.7, 6.98, 
11.4, 6.97, 11.1, 7.51, 13.2, 11.3), y = c(0L, 7L, 4L, 0L, 0L, 
0L, 0L, 0L, 0L, 0L, 0L, 0L, 0L, 0L, 3L, 71L, 0L, 0L, 36L, 0L, 
44L, 8L, 0L, 100L, 0L, 0L, 26L, 0L, 19L, 6L, 20L, 7L, 0L, 0L, 
1L, 0L, 0L, 0L, 0L, 1L, 10L, 0L, 4L, 2L, 0L, 0L, 0L, 0L, 16L, 
0L, 2L, 0L, 0L, 0L, 0L, 4L, 0L, 2L, 0L, 12L, 0L, 60L, 0L, 13L, 
0L, 1L, 10L, 18L, 0L, 106L, 68L, 3L, 4L, 0L, 0L, 12L, 0L, 0L, 
10L, 0L, 2L, 19L, 1L, 0L, 0L, 0L, 7L, 10L, 0L, 0L, 0L, 3L, 46L, 
1L, 0L, 0L, 0L, 0L, 6L, 3L)), class = "data.frame", row.names = c(NA, 
-100L))
