structure(list(x1 = c(3.7, 4.2, 1, 5.6, 0.87, 0.94, 9.5, 3.4, 
2.9, 5.9, 2.6, 0.74, 6.9, 2.4, 0.18, 10, 4.2, 8.9, 7.4, 4.2, 
0.47, 9.4, 4.1, 4.3, 4.8, 6.8, 8.5, 2.7, 4, 3.3, 7, 5.9, 3.1, 
9, 8.5, 3.2, 8.6, 8.8, 6.6, 3.9, 9.4, 9.8, 2.2, 6.6, 0.57, 9.7, 
9.8, 2.4, 3.5, 7.1, 4.9, 0.17, 5.6, 4.9, 6.8, 1.7, 0.65, 9.1, 
9.3, 8.9, 2.4, 9.7, 1.1, 0.26, 9.7, 2.2, 8.2, 6.9, 10, 1.4, 5.6, 
7.7, 9.8, 1.6, 5.1, 1.3, 9.1, 7.6, 5.9, 6, 7.4, 3.6, 6.2, 4.3, 
7.3, 8.3, 1.3, 9.9, 7.2, 6.9, 4.9, 5.3, 4.9, 9.1, 9.2, 7.1, 8.4, 
9.2, 8.8, 0.1), x2 = c(-1.63, 7.64, 1.12, 6.49, 2.54, 6.24, 8.29, 
2.38, 5.04, 2.23, 4.4, 8.2, 8.19, -1.99, 7.09, 6.7, 6.47, 8.21, 
0.0488, 1.95, -1.23, 6.97, 7, 0.437, 3.77, 8.5, 0.946, 3.96, 
5.1, 8.25, 4.58, 8.63, 8.97, 1, 2.58, 1.94, 2.17, 3.45, 4.12, 
-1.55, 8.15, 5.52, 1.21, 8.67, 7.44, 6.66, 4.2, 4.71, 3.94, -0.423, 
7.71, 5.53, 2.27, 1.03, 1.84, 3.62, 4.35, 7.19, 0.234, 6.24, 
3.96, 5.97, -1.01, 4.42, 6.82, 1.14, 4.56, -0.546, 3.01, 6.4, 
0.175, 6.14, 3.66, 2.07, 7.11, 5.59, 7.75, 5.76, -0.948, -1.98, 
1.4, -0.826, 1, 4.32, 7.61, -1.69, 3.31, 6.43, 5.31, 3.48, 1.14, 
8.23, 2.97, 1.07, 0.649, 8.35, 5.01, 6.53, 2.71, 0.0767), x3 = c(11.5, 
12, 9.54, 9.17, 14.2, 9.78, 12.3, 11, 9.89, 14.3, 12.5, 9.57, 
13.2, 7.08, 9.38, 11.5, 6.48, 14.2, 13.4, 7.64, 10.8, 11.9, 6.13, 
6.86, 6.33, 13.8, 9.22, 10.6, 6.06, 10.3, 6.12, 7.78, 14.2, 13.7, 
13.8, 7.22, 10.2, 6.6, 7.16, 14.9, 7.43, 14.5, 12.8, 13.5, 12.8, 
8.41, 11, 11.2, 13.4, 11.5, 9.44, 13.7, 6.06, 13.2, 12.7, 12, 
10.7, 12, 12.8, 12.7, 6.96, 13.7, 10.4, 13.5, 12.7, 11.3, 8.66, 
10.2, 7.43, 11.7, 8.26, 8.69, 12.9, 14.2, 8.46, 7.85, 8.44, 13.9, 
7.58, 13.1, 11.8, 12.3, 10, 11.2, 12.7, 13, 12.2, 12.3, 12, 7.5, 
9.37, 12, 14.2, 12.7, 7.27, 9.15, 14.8, 6.64, 14.6, 14.6), y = c(27L, 
0L, 1L, 0L, 2L, 0L, 0L, 1L, 0L, 3L, 0L, 0L, 0L, 32L, 0L, 0L, 
0L, 0L, 19L, 2L, 16L, 0L, 0L, 7L, 2L, 0L, 13L, 0L, 0L, 0L, 0L, 
0L, 0L, 15L, 2L, 5L, 3L, 0L, 0L, 50L, 0L, 0L, 5L, 0L, 0L, 0L, 
0L, 2L, 0L, 23L, 0L, 0L, 1L, 1L, 4L, 0L, 0L, 0L, 20L, 0L, 0L, 
1L, 14L, 0L, 0L, 2L, 0L, 28L, 0L, 0L, 12L, 1L, 5L, 1L, 0L, 0L, 
1L, 0L, 20L, 80L, 10L, 13L, 10L, 0L, 0L, 87L, 0L, 0L, 0L, 1L, 
2L, 0L, 0L, 13L, 14L, 0L, 0L, 1L, 2L, 6L)), class = "data.frame", row.names = c(NA, 
-100L))
