structure(list(speed = c(4, 4, 7, 7, 8, 9, 10, 10, 10, 11, 11, 
12, 12, 12, 12, 13, 13, 13, 13, 14, 14, 14, 14, 15, 15, 15, 16, 
16, 17, 17, 17, 18, 18, 18, 18, 19, 19, 19, 20, 20, 20, 20, 20, 
22, 23, 24, 24, 24, 24, 25), dist = c(1.94, 9.96, 3.8, 22.03, 
15.8, 9.8, 18.2, 25.92, 33.9, 17.04, 27.9, 13.8, 20.1, 23.9, 
27.8, 26.2, 33.96, 34.2, 46.1, 25.96, 35.8, 60.2, 79.95, 19.97, 
25.99, 54.09, 32.2, 39.9, 31.95, 39.92, 50.1, 42.05, 55.9, 76.2, 
84.2, 35.91, 46.2, 68.2, 32.08, 47.94, 52.2, 56.2, 63.9, 66.08, 
53.8, 70.2, 92.2, 92.9, 119.92, 85.1)), row.names = c(NA, -50L
), class = "data.frame")
