structure(list(speed = c(4, 4, 7, 7, 8, 9, 10, 10, 10, 11, 11, 
12, 12, 12, 12, 13, 13, 13, 13, 14, 14, 14, 14, 15, 15, 15, 16, 
16, 17, 17, 17, 18, 18, 18, 18, 19, 19, 19, 20, 20, 20, 20, 20, 
22, 23, 24, 24, 24, 24, 25), dist = c(2.2, 9.8, 3.93, 21.8, 15.9, 
10.03, 18.01, 26.1, 33.8, 16.9, 27.8, 13.91, 19.8, 23.9, 28.2, 
25.95, 33.93, 33.96, 46.2, 26.1, 36.2, 59.8, 79.992, 19.8, 26.2, 
54.2, 31.9, 40.2, 31.98, 39.8, 49.98, 41.8, 55.97, 75.8, 84.08, 
36.2, 46.09, 68.09, 31.9, 47.9, 52.09, 55.8, 64.04, 65.9, 53.997, 
70.06, 92.05, 92.8, 119.8, 85.2)), row.names = c(NA, -50L), class = "data.frame")
