structure(list(x1 = c(8.9, 0.33, 3.7, 0.9, 3.1, 5.7, 5.2, 7.6, 
0.58, 2.8, 1.4, 3.3, 1.2, 2.4, 9.8, 3.9, 3.6, 4.3, 9.8, 7.8, 
9.2, 0.083, 4.8, 0.45, 9.2, 8, 3.1, 9.5, 4.5, 1.4, 4.6, 1.1, 
4.3, 1.4, 6.7, 8.2, 6.9, 6.7, 3, 2.9, 6.8, 1.8, 5.9, 2.4, 4.9, 
6.3, 6, 1.2, 0.16, 8.6, 5.9, 2.6, 5.2, 0.84, 5.6, 8.9, 2.6, 1.9, 
9.9, 5.5, 9.6, 7.3, 7.9, 6.2, 0.28, 4.8, 1.3, 6.9, 9.8, 1.1, 
3.2, 4.8, 9.2, 9.5, 5.6, 7.5, 3.4, 9, 0.99, 0.4, 9.6, 3.7, 5.6, 
5.1, 1.9, 4.4, 6.7, 3.1, 7.6, 3.2, 9.6, 1.1, 2.5, 4.7, 2.3, 5.6, 
2.6, 6.8, 1.4, 2.4), x2 = c(-1.58, 1.96, -0.28, 8.23, 3.82, 0.876, 
2.17, 0.117, 1.24, -1.76, 4, 3.74, 3.25, 6.32, 4.31, -0.179, 
8.67, 2.38, 1.61, 8.8, 7.78, 8.95, 6.87, 1.37, 4.19, 5.58, 7.98, 
0.86, -1.72, 7.96, -0.00863, -0.563, 8.15, 8.34, 6.49, 8.58, 
2.55, 7.32, -1.59, 6.26, 1.25, 4.59, 7.39, 0.274, 4.23, 6.25, 
3.38, -1.48, -0.874, 1.25, 2.02, 0.0561, 0.175, 4.92, 3.41, 3.28, 
1.13, 8.08, -1.24, -1.12, 2.01, 5.58, 7.06, 0.037, -1.61, -0.154, 
6, 7.59, 2.4, 3.83, 7.5, 8.82, 6.62, -0.998, 0.924, 7, 8.97, 
7.93, -1.25, 3.4, 0.7, -1.76, 0.921, 5.1, -0.709, 8.3, 3.71, 
8.5, 8.58, 5.03, 8.14, 3.47, 1.16, 8.97, 0.987, -1.95, 0.627, 
-1.87, 5.24, 0.653), x3 = c(13.1, 9.09, 7.82, 14.9, 12.3, 14.5, 
11.8, 11.9, 14.6, 12.7, 14.5, 12, 14.4, 10.7, 13.9, 10.2, 13.6, 
15, 7.9, 9.92, 9.13, 8.9, 14.4, 9.59, 9.49, 11.4, 9.22, 9.72, 
14.1, 7.94, 14, 14.3, 10.3, 10.5, 7.22, 11.7, 11.6, 7.34, 7.06, 
6.52, 12, 8.31, 10.3, 10.8, 9.98, 10.4, 7.47, 13.6, 13.9, 6.19, 
10.8, 6.39, 11.2, 13, 7.74, 9.82, 13.9, 12.3, 8.16, 9.5, 9.16, 
10.7, 14.3, 14.3, 10.8, 10.3, 10.6, 10.7, 10.2, 12.8, 14.4, 8.43, 
11.5, 10.4, 10.8, 8.42, 7.33, 7.85, 9.25, 14.5, 11.6, 10.6, 6.73, 
10.4, 11.8, 9.5, 6.43, 6.43, 7.89, 11.5, 10.1, 11, 13.4, 14.5, 
6.06, 12.4, 7.41, 9.92, 10.4, 10.1), y = c(90L, 1L, 15L, 0L, 
0L, 4L, 3L, 18L, 0L, 37L, 0L, 2L, 0L, 0L, 3L, 18L, 1L, 2L, 16L, 
0L, 0L, 0L, 0L, 4L, 1L, 0L, 0L, 11L, 39L, 0L, 15L, 6L, 0L, 0L, 
0L, 0L, 2L, 0L, 25L, 0L, 11L, 0L, 0L, 6L, 2L, 0L, 5L, 12L, 14L, 
9L, 1L, 8L, 13L, 0L, 0L, 4L, 4L, 0L, 105L, 36L, 4L, 1L, 0L, 11L, 
19L, 8L, 0L, 0L, 7L, 0L, 0L, 0L, 0L, 72L, 8L, 0L, 0L, 0L, 15L, 
0L, 19L, 39L, 9L, 0L, 5L, 0L, 3L, 0L, 0L, 0L, 0L, 0L, 1L, 0L, 
2L, 53L, 4L, 92L, 0L, 4L)), class = "data.frame", row.names = c(NA, 
-100L))
