structure(list(x1 = c(1.1, 4.4, 3.7, 0.11, 9.9, 4.4, 1.3, 8.1, 
4.9, 0.46, 2.7, 9, 9.9, 9.2, 4.7, 5.9, 7.8, 5.6, 4.2, 1.5, 6.6, 
7.8, 0.64, 10, 0.71, 5.8, 0.51, 5.2, 2.8, 5.7, 7.7, 9.9, 9.1, 
8, 7.4, 8.6, 7.5, 0.44, 4.3, 6.2, 6.7, 5.3, 5.6, 9.9, 9.9, 3, 
6.2, 0.72, 3.1, 6.1, 1.7, 8.1, 8.3, 5.6, 1.9, 5.7, 6.7, 4.8, 
1.6, 8.8, 5.9, 2, 3.3, 9.5, 0.58, 4.6, 5.5, 0.64, 8.1, 1.1, 9.9, 
1, 1.1, 3.3, 6, 8.9, 4.4, 4.1, 0.47, 1.9, 1.4, 1.5, 4, 0.69, 
7.4, 2.5, 8, 2, 4.9, 4.8, 0.4, 1.2, 0.76, 0.23, 3.4, 4.2, 6.4, 
2.9, 0.1, 4.8), x2 = c(6.4, 4.24, 6.31, -0.936, 6.79, 8.26, 0.0672, 
0.585, 0.2, 0.722, 8.1, 2.74, 0.636, 1.54, 7.5, 2.49, 0.339, 
-1.78, 8.42, 0.825, -1.38, 7.86, 0.578, 8.99, 2.57, 8.82, 5.32, 
3.2, 3.9, 4.42, -1.48, -0.716, 6.64, 4.28, 8.35, 8.21, 5.49, 
1.18, 0.0676, 0.814, 6.49, 6.65, 4.76, 0.545, 6.49, 5.23, 1.9, 
8.35, -0.353, 4.42, 0.0153, 6.5, 4.05, -1.87, -0.254, 1.97, 8.48, 
3.78, 0.259, -1.87, -1, 0.106, -1.94, 0.124, -1.66, -0.668, -0.298, 
5.53, 1.91, 0.0626, 5.19, 1.01, 6.7, 5.7, 7.85, -1.41, 6.91, 
2.37, -0.608, 3, 7.52, 8.2, 4.74, 8.74, 7.48, 3.45, 6.85, 4.22, 
1.09, 4.84, -0.314, 7.33, 8.23, 7.71, 6.92, -1.03, 3.7, 8.57, 
2.82, 2.83), x3 = c(11.9, 9.85, 8.71, 13.2, 12.1, 15, 10.6, 9.45, 
14.1, 12.8, 9.42, 14.9, 8.55, 6.17, 13, 14.5, 9.38, 9.19, 14.1, 
14.3, 11.5, 14.8, 10, 14, 8.37, 9.69, 6.78, 14.9, 11.8, 11.4, 
14, 14.4, 14, 8.4, 14.4, 7.54, 13.7, 13.8, 7.66, 14.8, 7.01, 
7.04, 7.19, 10.7, 9.9, 13.9, 13.2, 12.4, 10.7, 7.32, 13.7, 10.4, 
6.82, 8.48, 6.47, 9.57, 12.5, 10.9, 10.5, 8.4, 14.3, 6.7, 8.45, 
8.2, 14.5, 6.11, 8.65, 14.9, 7.16, 7.94, 14.5, 8.19, 11.5, 13.7, 
13, 9.5, 7.58, 9.39, 8.33, 11.9, 11, 11.8, 7.14, 13.3, 13, 11.6, 
11.7, 11.2, 14.7, 7.74, 11.8, 12.7, 7.32, 10.6, 9.47, 10.6, 11.8, 
7.84, 7.93, 6.09), y = c(0L, 2L, 0L, 8L, 0L, 0L, 4L, 19L, 7L, 
3L, 0L, 1L, 15L, 13L, 1L, 0L, 17L, 56L, 0L, 2L, 54L, 0L, 2L, 
0L, 1L, 0L, 0L, 1L, 1L, 0L, 67L, 61L, 0L, 0L, 0L, 1L, 1L, 6L, 
15L, 9L, 0L, 0L, 0L, 25L, 0L, 0L, 3L, 0L, 11L, 2L, 8L, 0L, 2L, 
57L, 8L, 0L, 0L, 1L, 6L, 105L, 42L, 4L, 39L, 31L, 24L, 21L, 19L, 
0L, 9L, 11L, 0L, 2L, 0L, 0L, 0L, 70L, 0L, 1L, 12L, 1L, 0L, 0L, 
0L, 0L, 0L, 0L, 0L, 1L, 6L, 1L, 6L, 0L, 0L, 0L, 0L, 24L, 0L, 
0L, 0L, 1L)), class = "data.frame", row.names = c(NA, -100L))
