structure(list(speed = c(4, 4, 7, 7, 8, 9, 10, 10, 10, 11, 11, 
12, 12, 12, 12, 13, 13, 13, 13, 14, 14, 14, 14, 15, 15, 15, 16, 
16, 17, 17, 17, 18, 18, 18, 18, 19, 19, 19, 20, 20, 20, 20, 20, 
22, 23, 24, 24, 24, 24, 25), dist = c(1.8, 9.97, 3.93, 21.8, 
16.2, 9.97, 17.8, 26.2, 33.994, 16.8, 27.9, 14.2, 20.2, 24.2, 
27.98, 26.05, 34.1, 34.03, 45.96, 25.8, 36.08, 60.1, 79.8, 20.2, 
25.8, 54.04, 31.8, 40.01, 31.9, 40.03, 50.1, 42.2, 56.2, 76.1, 
84.1, 36.2, 46.1, 67.8, 31.97, 48.06, 52.08, 56.01, 64.03, 66.2, 
54.2, 69.9, 92.06, 92.8, 119.9, 85.05)), row.names = c(NA, -50L
), class = "data.frame")
