structure(list(x1 = c(9.8, 8.3, 1.2, 3.2, 1.6, 4.8, 5.3, 6.5, 
9.1, 8.4, 4.5, 0.54, 6.4, 6, 9.4, 0.75, 4.9, 6.1, 4.8, 9.7, 9.7, 
3.8, 6.4, 9.3, 2.9, 7.7, 1.2, 2.6, 8.1, 2.7, 7.1, 9.4, 9.6, 8.5, 
2.4, 2.9, 7.5, 5.6, 9.6, 0.25, 6.3, 3.1, 3.9, 9.1, 8.2, 4.8, 
5.9, 4.1, 7.6, 7.1, 5, 7.6, 7.7, 7.2, 2.8, 8.3, 1.9, 6.1, 6.1, 
8.7, 6.3, 0.59, 3.4, 9, 5.4, 7.3, 7, 3.8, 7.3, 1.8, 5.3, 6.8, 
4.6, 7.2, 0.56, 9, 2.8, 6.1, 9, 4.9, 9.9, 1.9, 4.7, 7.8, 9.1, 
1.4, 2.2, 3.4, 0.99, 6.2, 9.1, 3.3, 4.6, 3.6, 8.4, 3.3, 4.8, 
8.6, 5.6, 3.1), x2 = c(2.13, 3.5, 7.41, 7.29, 3.97, -0.00115, 
3.79, 1.97, 3.17, 3.09, 6.91, 6.7, 4.13, 0.271, 2.62, 8.06, -0.345, 
8.99, 5.67, 3.09, -1.33, 0.156, -1.65, 4.68, 6.03, -1.25, 0.965, 
4.54, 8.66, 7.82, 6.96, 5.27, 5.64, 8.25, -0.613, 7.24, -1.4, 
1.28, -0.537, 4.44, 4.09, 4.63, 7.43, 6.23, 8.67, 4.23, -1.67, 
-0.64, 5.13, 6.47, 6.46, 7.88, -1.26, -1.4, 4.48, 8.71, 2.48, 
4.67, 4.63, 0.0751, 3.01, 6.54, 1.02, 3.5, 6.82, -1.79, 8.13, 
7.44, -1.14, 1.81, -1.53, 0.836, 7.82, -0.334, 3.45, 7.69, 7.04, 
8.46, -1.41, 5.96, 3.71, -0.304, -0.451, 4.8, 1.32, 6.46, 8.97, 
3.14, -0.537, 8.52, 8.75, 4.26, 3.46, 1.14, 0.278, 7.11, 1.92, 
4.54, 7.85, 1.85), x3 = c(7.21, 6, 8.78, 9.61, 6.39, 14.2, 8.49, 
12.1, 7.38, 7.62, 11.7, 13.2, 12.6, 13.6, 12.7, 12.9, 14.7, 11.9, 
9.45, 6.41, 14.6, 11.3, 10.8, 9.61, 13.9, 11.2, 8.45, 7.44, 6.29, 
9.12, 14.2, 12.2, 12.7, 8.38, 12, 7.87, 8.03, 13.4, 14.4, 11.4, 
6.16, 13.4, 7.1, 6.03, 7.12, 7.82, 9.57, 8.71, 10.2, 9.85, 13.8, 
11.3, 8.89, 7.62, 10.1, 7.72, 12.3, 6.52, 13.1, 12.1, 13.9, 15, 
10.4, 8.9, 13.1, 10.3, 9.66, 10.9, 6.38, 8.34, 12.7, 7.27, 14.4, 
9.86, 14.1, 11.9, 9.62, 11.5, 8.81, 14.6, 8.57, 7.8, 11.4, 6.4, 
7.5, 9.8, 12, 6.43, 11.7, 7.73, 13.5, 13.6, 10.4, 10.9, 13, 7.15, 
6.47, 8.32, 12.2, 9.87), y = c(5L, 2L, 0L, 0L, 1L, 18L, 0L, 4L, 
2L, 2L, 0L, 0L, 0L, 17L, 7L, 0L, 11L, 0L, 0L, 3L, 93L, 7L, 54L, 
2L, 0L, 51L, 3L, 0L, 0L, 0L, 0L, 0L, 0L, 0L, 13L, 0L, 68L, 3L, 
47L, 1L, 1L, 2L, 0L, 0L, 0L, 0L, 58L, 11L, 0L, 1L, 0L, 0L, 58L, 
68L, 1L, 0L, 1L, 2L, 0L, 19L, 0L, 0L, 3L, 0L, 0L, 92L, 0L, 0L, 
44L, 1L, 44L, 6L, 0L, 23L, 1L, 0L, 0L, 0L, 87L, 0L, 0L, 12L, 
16L, 0L, 9L, 0L, 0L, 3L, 7L, 1L, 0L, 1L, 0L, 4L, 18L, 0L, 3L, 
0L, 0L, 3L)), class = "data.frame", row.names = c(NA, -100L))
