structure(list(speed = c(4, 4, 7, 7, 8, 9, 10, 10, 10, 11, 11, 
12, 12, 12, 12, 13, 13, 13, 13, 14, 14, 14, 14, 15, 15, 15, 16, 
16, 17, 17, 17, 18, 18, 18, 18, 19, 19, 19, 20, 20, 20, 20, 20, 
22, 23, 24, 24, 24, 24, 25), dist = c(2.2, 10.2, 3.8, 21.91, 
15.8, 9.99, 18.01, 26.07, 34.2, 17.2, 27.98, 13.8, 20.07, 24.05, 
28.2, 25.8, 33.993, 34.06, 45.99, 26.2, 36.2, 59.94, 80.07, 20.2, 
25.9, 54.1, 31.8, 39.9, 32.2, 39.9, 50.1, 42.2, 56.2, 76.2, 83.9, 
35.9, 46.1, 68.03, 32.2, 47.8, 52.07, 55.91, 63.95, 66.2, 54.2, 
69.991, 92.05, 92.96, 120.1, 85.1)), row.names = c(NA, -50L), class = "data.frame")
