structure(list(x1 = c(5.2, 4.9, 5.2, 2.7, 4.8, 1.2, 9.9, 0.54, 
1, 2.9, 9.3, 10, 1.1, 1.2, 3, 1.1, 4, 8.6, 3.3, 3.6, 6.6, 7.1, 
9.7, 1.2, 3.2, 6.9, 9.2, 1.5, 8.3, 0.62, 5.9, 0.2, 2.1, 1.5, 
0.93, 8.1, 4, 0.71, 9, 7.7, 3.4, 9.6, 4.9, 8.3, 8.5, 6.2, 3.3, 
1.3, 6.2, 0.49, 4.8, 0.11, 6, 4.3, 2.1, 0.43, 2.3, 8.7, 4.3, 
9.4, 2.4, 5.8, 8.7, 0.16, 4.5, 6.6, 5.8, 3.6, 6.5, 9.5, 7.6, 
6.1, 1.1, 8.9, 0.72, 3.1, 9.3, 8.3, 3.4, 5.4, 2.4, 3.7, 2.5, 
9.6, 8.8, 3, 2.7, 8.7, 6.5, 0.18, 8.9, 7, 5.5, 2.5, 3.2, 4.9, 
7.8, 4.3, 0.5, 1.4), x2 = c(-0.0851, -1.94, 8.93, 4.63, 4.76, 
2.3, 1.46, 7.49, 3.14, 7.14, 3.91, 6.28, -1.88, 7.99, 6.82, 6.43, 
-0.93, 5.29, 0.178, 6.85, 6.48, 2.52, 7.79, 7.38, 4.99, 7.49, 
-1.13, 8.52, 8.51, 7, 5.23, 2.08, 3.34, 2.18, -0.961, 2.48, 4.8, 
8.66, 3.74, 8.62, 3.57, -0.748, 7.27, 3.27, 1.78, 4.64, 1.48, 
4.69, 6.26, 2.92, 3.69, 6.2, -1.91, 6.79, 1.04, 8.54, 8.83, 2.91, 
0.315, 3.24, 6.79, -0.73, 4.66, 8.62, 7.23, -0.0142, 2.99, 4.34, 
-1.24, 8.26, 5.92, 6.54, 1.64, 8.67, 1.03, 1.33, 3.97, 1.56, 
2.94, 2.98, 4.53, 7.67, 7.04, 6.59, -0.483, 7.86, 7.68, 7.61, 
6.4, 2.09, 3.91, 0.157, 4.3, 7.92, 1.62, 4.16, 7.61, 2.71, 5.7, 
5.46), x3 = c(10.7, 8.03, 9.62, 9.78, 14.4, 11.9, 9.37, 8.67, 
8.48, 11.5, 13, 10.2, 13.2, 13.7, 9.82, 6.2, 13.8, 11.9, 14.4, 
9.98, 8.21, 8.06, 7.23, 6.62, 9.7, 12.5, 6.67, 13.1, 12.9, 9.27, 
7, 12.6, 11.1, 12.4, 9.75, 9.92, 9.9, 13.8, 6.84, 6.24, 6.21, 
9.76, 13.2, 6.27, 11.8, 14.5, 14.9, 7.6, 12, 8.99, 14.9, 13.4, 
14.1, 10.4, 10.4, 7.81, 7, 10.5, 11.1, 12.8, 11, 12.2, 13.9, 
11.6, 13.3, 12.7, 10.4, 14.9, 11.2, 9.18, 7.65, 8.05, 10, 14.4, 
13.4, 13.4, 8.19, 11.3, 6.88, 9.13, 6.76, 8.85, 7.62, 9.74, 6.81, 
6.77, 11.8, 8.38, 6.21, 11.3, 13.4, 13.4, 7.49, 9.25, 12.4, 11.5, 
6.4, 13.6, 13.8, 12.1), y = c(7L, 56L, 0L, 0L, 1L, 2L, 12L, 0L, 
0L, 0L, 0L, 0L, 25L, 0L, 0L, 0L, 23L, 0L, 6L, 0L, 0L, 0L, 0L, 
0L, 0L, 0L, 61L, 0L, 0L, 0L, 0L, 1L, 0L, 0L, 13L, 2L, 0L, 0L, 
4L, 1L, 2L, 49L, 0L, 2L, 3L, 0L, 4L, 0L, 0L, 0L, 0L, 0L, 68L, 
0L, 3L, 0L, 0L, 3L, 8L, 1L, 0L, 24L, 1L, 0L, 0L, 15L, 4L, 0L, 
45L, 0L, 0L, 0L, 0L, 0L, 1L, 2L, 0L, 9L, 1L, 0L, 0L, 0L, 0L, 
0L, 43L, 0L, 0L, 0L, 0L, 0L, 1L, 13L, 0L, 0L, 1L, 0L, 0L, 2L, 
0L, 0L)), class = "data.frame", row.names = c(NA, -100L))
