structure(list(speed = c(4, 4, 7, 7, 8, 9, 10, 10, 10, 11, 11, 
12, 12, 12, 12, 13, 13, 13, 13, 14, 14, 14, 14, 15, 15, 15, 16, 
16, 17, 17, 17, 18, 18, 18, 18, 19, 19, 19, 20, 20, 20, 20, 20, 
22, 23, 24, 24, 24, 24, 25), dist = c(2.01, 9.994, 4.008, 21.9, 
15.991, 9.8, 18.2, 25.8, 33.8, 16.9, 28.2, 14.2, 19.8, 23.8, 
27.9, 25.8, 33.95, 34.2, 45.91, 25.93, 36.08, 60.1, 80.2, 19.8, 
25.91, 54.1, 32.2, 39.8, 32.2, 39.8, 50.05, 41.8, 55.9, 75.8, 
83.8, 36.2, 45.95, 67.8, 32.2, 48.1, 51.92, 56.2, 63.994, 66.2, 
54.2, 70.06, 91.92, 92.8, 120.06, 84.8)), row.names = c(NA, -50L
), class = "data.frame")
