structure(list(x1 = c(8.5, 5, 6.2, 9.5, 7.9, 5, 3.9, 3.5, 8.7, 
4.9, 4.3, 6.7, 9.1, 0.75, 4, 0.22, 9.8, 9.4, 2.1, 3.9, 2.1, 2.7, 
2.9, 4, 5, 9.3, 1.1, 4.2, 7.1, 7.5, 7.2, 9.3, 0.68, 3.2, 9.4, 
4.2, 3.8, 6.6, 3.7, 0.77, 6.9, 3.6, 7.8, 9.1, 8, 1.1, 6.8, 7.5, 
0.45, 1.5, 6.1, 8.5, 4.6, 0.032, 0.51, 8, 9.2, 5.7, 2.5, 7.8, 
8.1, 9.2, 3.1, 8.7, 2.5, 0.12, 9.7, 8.5, 2.1, 5.9, 9.3, 6.1, 
6.8, 5.3, 1.3, 3, 8.3, 2.2, 0.21, 5.5, 7.2, 4.4, 0.69, 3.7, 1.3, 
1.7, 2.9, 7.1, 3.9, 8.1, 5.7, 2.1, 1.8, 2.8, 4.3, 1.7, 1.7, 5.7, 
3.4, 1.6), x2 = c(8.05, 2.01, -1.56, 4.98, 4.07, -0.755, 7.58, 
0.605, 2.96, 0.347, 8.82, 6.49, 0.0228, 7.12, 7.71, 4.63, 2.01, 
0.607, 3.4, -1.99, -0.252, 8.6, -0.343, 2.91, 2.41, 7.27, 5.81, 
7.88, 0.698, 2.05, 5.13, 1.32, 2.13, 3.06, 6.32, 5.82, 3.33, 
2.44, -0.934, 3.07, 5.2, 3.55, -1.08, 0.237, 7.68, 6.98, 0.924, 
6.86, 0.785, 4.73, 2.6, -1.78, 1.75, 7.16, -1.34, -0.289, 0.731, 
-0.542, 3.52, 8.19, 8.95, 1.07, 1.63, 5.69, 0.794, 4.65, 7.27, 
8.42, 6.9, 0.932, -1.29, -0.161, 7.08, 0.908, 4.33, 1.6, 8.9, 
3.53, 7.54, 3.94, 7.4, -0.312, 1.58, 0.871, -1.79, 5.24, 1.13, 
6.58, 5.17, 1.41, 1.58, -0.951, -0.58, 2.48, -1.1, 0.13, -0.949, 
-1.36, 6.26, 4.77), x3 = c(14.1, 8.78, 13.6, 12.1, 8.56, 9.26, 
6.2, 14.2, 8.85, 12, 8.99, 7.36, 10.6, 7.15, 6.16, 10.7, 10.5, 
7.39, 13.6, 7.08, 12.3, 8.87, 14.7, 12.9, 8.82, 13.3, 6.44, 14.1, 
9.64, 6.07, 12.2, 10.6, 13.7, 8.72, 9.25, 10.5, 6.64, 8.14, 11.2, 
6.99, 7.51, 15, 8.28, 9.03, 13.3, 8.19, 12.6, 14, 11.9, 10.1, 
13.7, 14.9, 8.88, 12.3, 14.7, 13.2, 9.68, 13.1, 8.21, 11.8, 10.2, 
12.4, 13.8, 14.9, 9.79, 10.4, 12.2, 10.1, 8.01, 10.3, 13.4, 7.46, 
10.1, 9.36, 10.4, 13.5, 7.6, 12.8, 6.39, 9.45, 14.4, 13.3, 10.9, 
7.25, 14.6, 14.1, 14.8, 9.43, 6.49, 13.4, 7.86, 10.5, 9.06, 9.6, 
12.9, 11.8, 14.5, 11.3, 13.3, 14.3), y = c(0L, 4L, 46L, 1L, 2L, 
25L, 0L, 1L, 1L, 5L, 0L, 0L, 23L, 0L, 0L, 0L, 5L, 15L, 1L, 43L, 
8L, 0L, 7L, 0L, 1L, 0L, 0L, 0L, 8L, 2L, 0L, 11L, 0L, 0L, 0L, 
1L, 0L, 5L, 18L, 0L, 0L, 1L, 55L, 17L, 0L, 0L, 5L, 0L, 0L, 1L, 
2L, 105L, 5L, 0L, 14L, 25L, 16L, 17L, 1L, 0L, 0L, 10L, 1L, 1L, 
4L, 0L, 0L, 0L, 0L, 4L, 81L, 17L, 0L, 8L, 0L, 4L, 0L, 1L, 0L, 
1L, 0L, 19L, 1L, 4L, 22L, 0L, 7L, 0L, 0L, 10L, 4L, 19L, 6L, 0L, 
20L, 6L, 18L, 39L, 0L, 0L)), class = "data.frame", row.names = c(NA, 
-100L))
