structure(list(speed = c(4, 4, 7, 7, 8, 9, 10, 10, 10, 11, 11, 
12, 12, 12, 12, 13, 13, 13, 13, 14, 14, 14, 14, 15, 15, 15, 16, 
16, 17, 17, 17, 18, 18, 18, 18, 19, 19, 19, 20, 20, 20, 20, 20, 
22, 23, 24, 24, 24, 24, 25), dist = c(1.9, 10.2, 4.04, 22.02, 
15.9, 10.1, 17.97, 26.2, 34.03, 16.94, 27.94, 13.9, 20.09, 23.9, 
27.97, 26.09, 33.8, 34.2, 46.06, 25.9, 35.91, 59.95, 79.8, 19.93, 
25.9, 53.8, 31.91, 39.8, 32.2, 39.8, 49.94, 41.95, 55.8, 75.96, 
84.08, 35.97, 46.2, 67.8, 31.8, 48.02, 52.01, 56.03, 63.8, 66.2, 
54.06, 69.92, 91.8, 93.06, 119.8, 84.8)), row.names = c(NA, -50L
), class = "data.frame")
