structure(list(x1 = c(2.4, 9.7, 5.9, 5.3, 2.8, 7.5, 4.4, 8.9, 
5.6, 3.8, 3.7, 2.9, 6.8, 2.1, 4.5, 6.8, 1.5, 9.8, 6.1, 2.6, 3.2, 
4, 0.14, 3.7, 2.2, 1.9, 3.3, 0.07, 9.4, 1.8, 3.9, 4, 1.2, 4.1, 
6.6, 4.4, 9, 1.2, 0.59, 5.5, 5.3, 5.7, 1.5, 8.7, 6.3, 3.3, 1.3, 
6.1, 1, 0.038, 7.9, 4.7, 2.7, 5.5, 1.2, 1.7, 2.5, 8.4, 3.6, 4, 
0.12, 2.6, 7.5, 0.26, 6.4, 0.12, 0.23, 3.9, 5.8, 5.9, 0.63, 6, 
7.5, 1.8, 3.5, 10, 0.46, 1.9, 0.89, 2.1, 6.8, 0.29, 9.8, 7.3, 
7.8, 6.4, 0.82, 7.9, 2.6, 2.8, 7.4, 4.4, 7, 6.8, 1.2, 6.7, 6.9, 
6.3, 2, 9), x2 = c(0.221, 6.25, 7.1, 7.05, 5.07, -1.87, 4.67, 
-0.657, -0.634, 4.46, 4.39, 5.69, 1.53, -0.747, 6.68, 6.2, -0.528, 
4.13, 8.74, 7.03, -0.484, 5, 6.48, 5.61, 0.234, 0.0911, 6.24, 
6.19, 2.21, 8.06, -1.06, -1.66, 2.23, 5.92, 6.03, 3.84, 1.29, 
4.23, 7.87, 7.31, -0.886, -1.57, -0.133, 1.89, 2.33, -0.781, 
7.59, 6.63, 8.84, 8.56, 5.76, 4.52, 6.32, -1.43, 6.21, 4.16, 
3.32, -1.56, 5.25, 2.52, 4.17, -1.57, 7.56, 2.26, -0.0524, 0.913, 
0.338, 7.57, 4.49, 3.93, 3.84, 4.88, 6.63, 8.32, 4.06, -0.214, 
-0.0546, 8.68, 2.38, 8.33, 5.33, 6.01, 2.62, 6.58, -1.24, -1.95, 
2, 8.11, 7.24, 0.958, 1.85, -1.37, -0.111, 5.7, 6.12, 6.52, 6.79, 
4.87, 5.62, 5.7), x3 = c(9.1, 6.62, 12.9, 7.6, 6.94, 13.6, 7.45, 
10.6, 12.4, 12, 6.48, 7.35, 8.48, 12.7, 6.08, 8.74, 6.26, 7.33, 
11.2, 14.9, 6.79, 9.45, 12.3, 14.7, 9.58, 8.59, 14.4, 12.6, 9.78, 
12.5, 11.2, 11.6, 10.9, 7.1, 14.2, 13.5, 9.28, 11.7, 8.21, 9.43, 
10.5, 12.2, 14.2, 8.38, 14.1, 8.38, 12.2, 9.96, 8.67, 13.7, 12.9, 
14.8, 11.8, 13, 7, 11.4, 14.5, 6.12, 12.3, 14.5, 12.3, 11.8, 
14.1, 13, 6.12, 9.06, 12.3, 13.7, 11.4, 10.9, 7.62, 6.63, 13.6, 
14.7, 13.4, 7.6, 6.4, 12.9, 9.99, 14.6, 12.1, 13.9, 12.6, 7.35, 
7.63, 9.27, 6.97, 9.72, 13, 10.4, 13.8, 12.3, 9.8, 14.9, 11.3, 
7.41, 6.29, 7.93, 7.74, 6.82), y = c(5L, 0L, 0L, 0L, 1L, 101L, 
0L, 45L, 26L, 0L, 0L, 0L, 2L, 7L, 0L, 0L, 6L, 0L, 0L, 0L, 13L, 
0L, 0L, 0L, 5L, 7L, 0L, 0L, 1L, 0L, 24L, 40L, 1L, 0L, 1L, 0L, 
6L, 0L, 0L, 0L, 23L, 39L, 6L, 3L, 3L, 16L, 0L, 0L, 0L, 1L, 0L, 
1L, 0L, 40L, 0L, 0L, 0L, 82L, 0L, 1L, 0L, 30L, 0L, 0L, 11L, 3L, 
3L, 0L, 0L, 0L, 0L, 0L, 1L, 0L, 1L, 41L, 6L, 0L, 1L, 0L, 0L, 
0L, 3L, 0L, 57L, 78L, 1L, 0L, 0L, 4L, 10L, 32L, 18L, 0L, 0L, 
0L, 0L, 0L, 1L, 0L)), class = "data.frame", row.names = c(NA, 
-100L))
