structure(list(speed = c(4, 4, 7, 7, 8, 9, 10, 10, 10, 11, 11, 
12, 12, 12, 12, 13, 13, 13, 13, 14, 14, 14, 14, 15, 15, 15, 16, 
16, 17, 17, 17, 18, 18, 18, 18, 19, 19, 19, 20, 20, 20, 20, 20, 
22, 23, 24, 24, 24, 24, 25), dist = c(2.2, 10.000005, 4.06, 22.2, 
16.1, 9.998, 17.94, 25.93, 34.2, 16.996, 27.97, 14.08, 20.2, 
23.8, 27.95, 25.8, 34.2, 34.2, 45.9, 25.94, 35.9, 59.9, 79.9, 
19.95, 25.998, 54.2, 31.8, 39.96, 32.1, 40.1, 50.1, 42.2, 55.8, 
75.91, 84.2, 35.96, 45.94, 68.08, 31.94, 47.8, 52.09, 55.93, 
64.1, 66.2, 54.2, 69.8, 92.09, 93.1, 119.8, 84.8)), row.names = c(NA, 
-50L), class = "data.frame")
