structure(list(x1 = c(6.5, 5.8, 7.6, 6.8, 5.1, 4.3, 3.9, 4.1, 
0.26, 2.2, 0.71, 7.9, 1.2, 0.65, 1.9, 2.7, 4.9, 3.6, 7.1, 8.3, 
6.2, 0.65, 7, 2, 1.1, 3, 7, 7.5, 9.9, 0.24, 0.0023, 9.8, 8, 8.4, 
6.6, 2.5, 0.72, 8.9, 8.8, 8.6, 8.5, 0.81, 6, 2.1, 4, 2.3, 5.4, 
9.3, 2.6, 5.7, 5.7, 6.2, 1.9, 1.9, 8.7, 4.2, 7.7, 2.7, 6.3, 6.6, 
8, 4.3, 3.9, 9.1, 2.5, 10, 6.3, 8.5, 7.3, 0.32, 6.4, 2, 8.1, 
8.7, 0.52, 0.13, 4.5, 9.2, 7.2, 3.8, 3.6, 7.9, 0.66, 4.6, 2.1, 
3.7, 9.9, 3.2, 0.84, 4.8, 8.9, 3.6, 2.3, 9.1, 9.3, 3.3, 9.7, 
0.52, 9, 3.9), x2 = c(-0.268, 3.51, 4.86, -0.9, 0.571, 2.5, 6.58, 
-0.972, 3.3, 4.81, 1.67, 7.35, -0.381, 7.91, -0.36, 3.3, 2.3, 
0.816, 5.63, -0.192, 4.08, 5.26, 8.48, 7.39, -1.31, 6.04, -1.2, 
4.7, 7.01, 0.000654, 3.21, 8.48, 6.64, 1.01, 0.649, 6.26, 4.14, 
3.73, 0.0306, 5.54, 5.83, 4.79, 7.25, -0.921, 2.98, 5.49, 7.59, 
0.761, 2.54, -0.973, 0.416, -0.226, 4.44, 5.82, 2.79, 5.71, 3.49, 
3.18, 3.43, 1.81, 2.16, 0.777, -0.127, 6.62, 7.95, 2.98, -1.7, 
-1.83, -1.9, 7.49, 7.68, -1.09, 5.22, -0.416, -1.61, 0.404, 2.19, 
6.66, 1.42, 0.736, 1.77, 0.663, 6.84, 6.8, 5.98, 1.78, 1.1, 5.88, 
8.4, 7.78, 1.98, 1.62, 1.27, -0.659, 8.68, 5.98, 6.55, 2.53, 
-0.0957, 2.35), x3 = c(8.85, 8.12, 7.68, 11.2, 11.9, 11.4, 14.8, 
8.88, 8.05, 6.28, 12.7, 9.65, 9.59, 13.8, 6.13, 10.5, 14.8, 6.42, 
12.4, 6.92, 8.99, 6.99, 6.82, 10.8, 14.1, 6.95, 13.3, 14.8, 11, 
6.04, 7.35, 7.87, 7.24, 9.95, 8.93, 11.5, 11, 10.8, 8.55, 6.38, 
6.2, 7.35, 7.64, 9.06, 12.2, 9.41, 8.67, 13.6, 8.4, 14.9, 14.9, 
15, 10.8, 6.34, 7.27, 10.5, 10.4, 12.4, 6.5, 8.27, 13.6, 13.4, 
10.4, 8.09, 6.57, 8.24, 8.16, 10.2, 6.19, 6.65, 13.4, 9.07, 11.8, 
14.7, 6.18, 11.1, 10.2, 13.1, 10.3, 9.04, 10.4, 8.38, 9.36, 13.8, 
6.99, 9.78, 12.6, 6.98, 11.6, 12.4, 11.9, 11, 8.61, 14.7, 11.7, 
6.77, 6.72, 8.47, 14.7, 12.9), y = c(19L, 0L, 0L, 29L, 11L, 2L, 
0L, 14L, 1L, 2L, 0L, 0L, 7L, 0L, 11L, 0L, 2L, 6L, 0L, 21L, 2L, 
0L, 0L, 0L, 11L, 0L, 42L, 0L, 0L, 4L, 0L, 0L, 0L, 12L, 13L, 0L, 
1L, 1L, 24L, 0L, 1L, 0L, 0L, 17L, 0L, 0L, 0L, 16L, 0L, 43L, 6L, 
10L, 0L, 0L, 5L, 0L, 1L, 2L, 0L, 5L, 4L, 3L, 14L, 0L, 0L, 3L, 
72L, 117L, 87L, 0L, 0L, 15L, 0L, 34L, 15L, 3L, 3L, 0L, 3L, 6L, 
2L, 15L, 0L, 0L, 0L, 2L, 17L, 0L, 0L, 0L, 2L, 3L, 1L, 45L, 0L, 
0L, 1L, 1L, 23L, 3L)), class = "data.frame", row.names = c(NA, 
-100L))
