structure(list(speed = c(4, 4, 7, 7, 8, 9, 10, 10, 10, 11, 11, 
12, 12, 12, 12, 13, 13, 13, 13, 14, 14, 14, 14, 15, 15, 15, 16, 
16, 17, 17, 17, 18, 18, 18, 18, 19, 19, 19, 20, 20, 20, 20, 20, 
22, 23, 24, 24, 24, 24, 25), dist = c(2.07, 10.04, 4.1, 22.09, 
16.006, 9.97, 17.94, 25.96, 33.8, 16.9, 27.8, 14.1, 19.8, 23.8, 
27.8, 25.9, 33.994, 33.93, 46.1, 26.2, 36.06, 59.8, 80.1, 19.8, 
25.8, 53.9, 32.1, 40.1, 32.2, 39.8, 49.8, 42.2, 56.1, 76.2, 84.08, 
35.9, 45.8, 68.2, 32.2, 48.2, 52.2, 55.8, 64.05, 65.9, 53.95, 
69.9, 92.02, 93.2, 119.9, 85.03)), row.names = c(NA, -50L), class = "data.frame")
