structure(list(x1 = c(10, 9.2, 3.5, 1.9, 3.3, 0.49, 4.2, 5, 0.53, 
7.4, 3.5, 9.8, 1.7, 7, 2.9, 7.8, 0.28, 6, 3.9, 6.7, 0.49, 3.7, 
6.5, 2.4, 3.7, 7.8, 5.4, 7.6, 7.9, 6.3, 9.5, 0.84, 0.69, 6.7, 
9, 2.6, 7.8, 0.7, 2.3, 6.7, 6.8, 8.9, 1.8, 9, 2, 0.074, 8.9, 
4.3, 7.8, 8, 1.1, 9.5, 3.6, 5.8, 5.8, 8.2, 7.9, 6.4, 1.4, 3, 
8.8, 2.6, 0.78, 9.7, 4.2, 5.9, 0.46, 3.4, 2.6, 7.2, 3.9, 4.4, 
7.9, 9.6, 2.3, 5.3, 9.3, 3.1, 8.5, 9.7, 6.4, 2.3, 7.3, 7.8, 3.7, 
3, 3, 5.2, 5, 9.8, 7.6, 4.9, 9.1, 4.5, 2.8, 1.5, 6.8, 6, 7.2, 
5.4), x2 = c(6, 1.63, 6.7, 6.64, -1.6, 3.01, -0.491, 8.23, 1.68, 
2.5, 2.89, 6.24, 2.01, 1.51, 3.91, 7.1, 1.82, 6.26, -0.759, 4.83, 
3.74, 0.759, 3.51, 4.57, 7.45, 7.76, 5.88, 6, -0.631, 1.74, 0.0742, 
-0.473, 2.1, 5.75, 9, 0.127, -0.692, -1.3, 1.16, 8.96, 2, 8.03, 
5.62, 3.46, 4.62, 7.08, 7.54, 2.9, 7.11, 8.25, -1.86, 0.417, 
-1.94, 1.1, 3.4, 1.19, 8.02, 1.56, 0.204, -0.414, 7.4, 0.779, 
2.42, 6.25, 5.8, -0.458, 7.59, 1.34, 2.69, 4.41, 6.88, 4.11, 
2.6, -1.79, 5.76, 2.32, 5.23, -0.771, 3.44, 0.17, -0.955, 6.27, 
5.35, -0.872, 3.78, 2.16, 6.36, 5.5, 0.302, -1.73, 1.12, 6.82, 
7.37, 1.67, 2.15, -1.18, 6.14, 1.82, 8.26, -1.17), x3 = c(8.46, 
9.23, 12.5, 13.6, 14.7, 9.46, 10.3, 8.88, 14.1, 12.8, 7.4, 11.7, 
6.14, 13.4, 11.6, 6.27, 8.35, 14.2, 11.1, 13.1, 6.74, 8.69, 14, 
12.6, 6.08, 12, 10.2, 14.9, 10, 7.07, 8.54, 6.94, 12, 10.9, 7.66, 
10.8, 10.3, 11.9, 6.64, 10.2, 8.49, 8.94, 9.73, 10.3, 12.8, 9.27, 
12.1, 9, 12.8, 11.5, 12.1, 6.02, 8.22, 12.3, 14, 12.1, 10.5, 
10.5, 7.04, 6.12, 6.5, 8.28, 10.4, 13.1, 6.31, 10.8, 10.4, 8.49, 
8.94, 11.4, 7.18, 10.2, 7.09, 10.7, 6.97, 6.95, 8.47, 7.2, 7.71, 
12.2, 11.6, 15, 8.38, 7.54, 8.41, 7.54, 12.1, 6.61, 13.4, 10.7, 
13.2, 14.6, 10.8, 9.38, 14.9, 10.9, 11.4, 14.9, 11.1, 11.4), 
    y = c(0L, 11L, 0L, 0L, 30L, 0L, 15L, 0L, 0L, 2L, 2L, 0L, 
    1L, 3L, 1L, 0L, 5L, 0L, 22L, 1L, 0L, 4L, 0L, 0L, 0L, 0L, 
    0L, 0L, 35L, 4L, 23L, 10L, 2L, 0L, 0L, 3L, 30L, 15L, 5L, 
    0L, 1L, 0L, 0L, 0L, 1L, 0L, 0L, 0L, 0L, 0L, 20L, 27L, 40L, 
    5L, 0L, 7L, 0L, 4L, 3L, 9L, 1L, 3L, 2L, 0L, 0L, 22L, 0L, 
    1L, 0L, 0L, 0L, 1L, 2L, 123L, 0L, 2L, 1L, 22L, 0L, 35L, 42L, 
    0L, 0L, 32L, 0L, 1L, 0L, 1L, 8L, 135L, 7L, 0L, 0L, 2L, 1L, 
    24L, 0L, 4L, 0L, 29L)), class = "data.frame", row.names = c(NA, 
-100L))
