structure(list(speed = c(4, 4, 7, 7, 8, 9, 10, 10, 10, 11, 11, 
12, 12, 12, 12, 13, 13, 13, 13, 14, 14, 14, 14, 15, 15, 15, 16, 
16, 17, 17, 17, 18, 18, 18, 18, 19, 19, 19, 20, 20, 20, 20, 20, 
22, 23, 24, 24, 24, 24, 25), dist = c(2.2, 10.2, 3.92, 21.8, 
15.92, 9.8, 17.96, 25.998, 33.8, 17.1, 27.92, 14.2, 19.8, 24.1, 
27.9, 26.1, 33.8, 34.05, 45.94, 26.09, 35.8, 59.93, 80.07, 19.9, 
25.93, 54.1, 32.02, 40.1, 32.1, 40.07, 50.2, 41.8, 55.8, 76.08, 
84.2, 35.9, 46.1, 67.8, 31.9, 48.09, 52.09, 56.2, 63.8, 66.2, 
53.9, 69.8, 92.2, 92.97, 120.1, 85.1)), row.names = c(NA, -50L
), class = "data.frame")
