structure(list(speed = c(4, 4, 7, 7, 8, 9, 10, 10, 10, 11, 11, 
12, 12, 12, 12, 13, 13, 13, 13, 14, 14, 14, 14, 15, 15, 15, 16, 
16, 17, 17, 17, 18, 18, 18, 18, 19, 19, 19, 20, 20, 20, 20, 20, 
22, 23, 24, 24, 24, 24, 25), dist = c(2.05, 10.07, 3.9, 22.09, 
16.1, 10.1, 18.2, 25.8, 33.8, 17.2, 27.96, 13.8, 19.93, 23.8, 
28.2, 25.997, 33.8, 34.08, 45.8, 25.93, 36.1, 60.005, 79.98, 
20.2, 26.2, 54.2, 31.98, 39.995, 32.02, 39.8, 49.8, 42.2, 55.9, 
75.96, 84.04, 36.2, 45.96, 67.95, 32.06, 47.92, 51.96, 55.94, 
63.98, 66.03, 53.8, 70.1, 92.1, 92.9, 119.8, 85.1)), row.names = c(NA, 
-50L), class = "data.frame")
