structure(list(x1 = c(6.1, 6.4, 2.8, 6.8, 7.4, 7.6, 9.5, 1.9, 
1.2, 9.8, 4.1, 1.5, 3.6, 0.49, 9.5, 4.9, 0.67, 6.6, 0.91, 3.6, 
7.9, 5.1, 4.6, 9.8, 9.9, 8.4, 4.6, 4.9, 5.4, 1.4, 0.67, 9.4, 
2.5, 4.2, 5.9, 8.5, 4.2, 3.9, 6.3, 3.4, 4.3, 3.7, 4.6, 5.6, 1.6, 
7.5, 7.8, 2.2, 1.6, 7.9, 8.5, 2.2, 5.1, 8.8, 2.9, 1, 0.84, 7.8, 
3.1, 2.6, 6.2, 7.8, 0.026, 7.2, 2.4, 6.6, 7, 4.8, 4.2, 0.44, 
3.9, 9.2, 2.1, 8.6, 2.8, 0.21, 7.1, 9.3, 5.4, 6.3, 4.2, 2.7, 
2, 6.6, 7.6, 4.8, 2.8, 6.7, 2.1, 3.1, 2, 0.83, 1.7, 0.12, 0.93, 
5.1, 9.4, 5, 7.2, 5.3), x2 = c(1.17, 1.58, 5.5, 2.27, 1.91, -1.83, 
-1.16, 0.283, 2.19, -0.401, -0.977, -1.58, 6.66, 3.41, 4.9, 1.67, 
6.78, 6.51, 1.59, 4.05, 8.52, 5.63, 4.85, 3.91, 6.47, 4.34, 0.765, 
6.78, -0.78, 7.21, 5.09, 8.54, 7.7, 5.74, -1.7, -0.818, 7.19, 
7.6, 1.09, 8.56, 7.52, 4.38, 0.95, 6.57, 6.1, 1.98, 6.19, 7.84, 
-1.65, 1.58, 3.9, 2.78, 8.6, 1.77, 6.08, 5.65, 4.07, 7.46, 3.75, 
3.25, 0.877, 7.81, 0.00779, 8.7, 1.47, 0.526, 2.61, 0.942, -0.719, 
-0.299, 0.0831, 8.17, 2.11, 5.45, 0.928, 0.743, 1.94, 3.99, -1.35, 
7.63, 7.15, 8.98, 8.91, 7.91, -0.849, 7.42, 4.41, 3.44, 3.21, 
6.65, 8.31, 7.23, 8, 1.09, -1.25, 2.99, 3.85, 1.68, 3.48, 6.67
), x3 = c(8.53, 9.68, 11.4, 6.12, 12.7, 7.41, 6.68, 6.47, 12.5, 
13, 12.6, 10.1, 12.4, 12.3, 6.01, 9.09, 6.85, 6.59, 14.7, 12.9, 
13.2, 7.51, 11.4, 13.3, 12.1, 13, 14.3, 7.9, 6.72, 11.7, 10.4, 
7.07, 6.96, 13.8, 11.7, 6.75, 12.5, 14, 12.3, 14.9, 12.1, 6.23, 
6.03, 11.5, 13.6, 11.1, 11.1, 6.66, 9.48, 9.34, 8.57, 8.75, 8.25, 
10.9, 9.31, 14.4, 12.1, 8.2, 12.8, 14.9, 9.65, 7.79, 8.22, 6.81, 
9.63, 7.65, 12.7, 13.2, 6.68, 10.3, 6.38, 9.7, 11.7, 12.4, 10.9, 
9.42, 7.31, 6.76, 6.15, 12.8, 10.3, 11.7, 6.02, 11, 8.7, 10.4, 
14, 13.7, 14.7, 10.5, 12.6, 8.87, 6.64, 11, 8.31, 11.5, 8.64, 
10.8, 12.5, 7.8), y = c(8L, 2L, 0L, 5L, 2L, 99L, 83L, 6L, 0L, 
27L, 20L, 20L, 0L, 0L, 1L, 3L, 0L, 0L, 1L, 0L, 0L, 0L, 0L, 1L, 
0L, 0L, 3L, 0L, 18L, 0L, 0L, 0L, 0L, 0L, 57L, 58L, 0L, 0L, 10L, 
0L, 1L, 0L, 2L, 0L, 0L, 4L, 0L, 0L, 25L, 11L, 1L, 1L, 0L, 7L, 
0L, 0L, 0L, 0L, 0L, 0L, 7L, 0L, 4L, 0L, 3L, 17L, 1L, 5L, 17L, 
8L, 8L, 0L, 0L, 1L, 4L, 1L, 2L, 0L, 38L, 0L, 0L, 0L, 0L, 0L, 
37L, 0L, 0L, 2L, 1L, 0L, 0L, 0L, 0L, 3L, 13L, 1L, 4L, 3L, 0L, 
0L)), class = "data.frame", row.names = c(NA, -100L))
