structure(list(speed = c(4, 4, 7, 7, 8, 9, 10, 10, 10, 11, 11, 
12, 12, 12, 12, 13, 13, 13, 13, 14, 14, 14, 14, 15, 15, 15, 16, 
16, 17, 17, 17, 18, 18, 18, 18, 19, 19, 19, 20, 20, 20, 20, 20, 
22, 23, 24, 24, 24, 24, 25), dist = c(2.2, 9.996, 3.99, 21.99, 
16.02, 10.003, 18.09, 26.1, 33.9, 17.1, 28.2, 14.004, 19.9, 23.9, 
28.04, 26.09, 34.08, 33.93, 46.06, 26.09, 36.07, 59.8, 79.9, 
20.1, 25.97, 54.1, 32.005, 39.8, 32.009, 39.92, 50.2, 42.07, 
55.8, 76.03, 83.96, 35.98, 46.09, 68.1, 32.2, 47.91, 51.97, 56.1, 
63.8, 66.06, 54.07, 70.2, 91.92, 93.08, 120.1, 85.04)), row.names = c(NA, 
-50L), class = "data.frame")
