structure(list(x1 = c(8.5, 4.9, 4.8, 4.7, 5.4, 5.1, 6.7, 7.4, 
3.1, 7.4, 9, 5.1, 2.9, 2.4, 5.7, 6.9, 6.5, 3.6, 6.3, 6.8, 6.4, 
0.063, 2.8, 7.2, 4.5, 7.8, 5.1, 2, 5.2, 3.4, 8.3, 6.5, 1.1, 5.6, 
4.2, 4.7, 6.9, 7.4, 8.7, 3.3, 4.4, 7.8, 0.64, 6.1, 6.4, 9, 3.5, 
6.5, 7.7, 5.8, 5.8, 1.9, 2.1, 2.4, 4.6, 0.55, 6.3, 7.4, 2.4, 
9.5, 4.5, 6.9, 4, 8, 3.2, 8.7, 1.3, 0.24, 1.3, 7.2, 5.6, 9.8, 
2.7, 0.72, 8.3, 2.2, 0.93, 6.5, 7, 2.1, 6.9, 1.1, 9.3, 3.7, 3.2, 
1.5, 6.1, 2.5, 9.9, 9.3, 4.1, 6.5, 7.3, 0.28, 4.3, 7, 3.6, 1.4, 
9.2, 4.4), x2 = c(3.02, -1.02, 7.54, 2.24, 5.87, 2.08, 3.79, 
4.03, 1.84, -0.757, 7.17, 2.4, 7.85, 2.15, 5.83, 1, 3.87, 7.72, 
-0.41, 6.84, 8.3, 5.08, 2.59, -0.69, 3.39, 6.44, 0.385, 8.62, 
6.76, 2.67, 7.21, 1.95, 0.88, 8.73, 0.793, 3.69, -1.51, 3.35, 
-1.37, 7.33, 3.18, 1.98, 3.72, 5.18, 1.86, 5.54, 4.4, -0.796, 
7.36, 5.9, 4.12, 7.38, 7.89, 1.34, -0.542, 7.16, 2.01, -0.242, 
8.57, 0.35, -0.299, 1.04, 3.46, 2.99, -1.25, -0.547, 3.4, 1.85, 
2.73, 7.62, 1.19, 4.77, 0.915, 5.59, 4.8, -0.93, 0.313, 5.81, 
8.32, 3, -1.8, 6.91, 7.88, 6.65, -0.247, 6.45, -0.597, 3.24, 
4.87, 3.25, 2.71, 0.0619, -0.375, 5.21, 5.29, 1.53, 8.07, 5.69, 
4.43, 2.18), x3 = c(9.68, 7.01, 13.8, 13, 9.9, 10.9, 10, 12, 
10.7, 12.6, 9.79, 14.6, 10.4, 6.59, 9.14, 10.8, 14.3, 7.16, 9.91, 
8.38, 10.4, 14.4, 14.6, 10.9, 14.2, 8.89, 14.2, 6.8, 7.02, 9.93, 
11, 13.6, 14.6, 11.2, 10.2, 6.75, 8.95, 14, 8.23, 7.69, 8.92, 
9.35, 10.1, 12.9, 13.5, 12, 12.6, 9.98, 11.7, 8.09, 12.8, 9.04, 
9.68, 7.51, 7.14, 6.76, 12.5, 13.9, 11.6, 12.4, 11.6, 10.8, 11.8, 
12.2, 14.6, 14.4, 8.97, 10.7, 6.8, 13, 13.5, 8.98, 13.9, 12.3, 
13.5, 14.8, 14.9, 6.79, 7.95, 9.38, 10.5, 8.61, 11.6, 13.6, 8.91, 
7.52, 14, 9.97, 10.9, 13.4, 12.8, 8.1, 8.74, 10.1, 14.3, 9.54, 
7.39, 10.5, 11.8, 13.8), y = c(5L, 22L, 0L, 0L, 0L, 1L, 0L, 0L, 
1L, 33L, 0L, 1L, 0L, 0L, 0L, 9L, 2L, 0L, 24L, 0L, 0L, 0L, 1L, 
41L, 0L, 0L, 11L, 0L, 0L, 0L, 0L, 1L, 0L, 0L, 4L, 0L, 80L, 4L, 
56L, 0L, 1L, 5L, 0L, 0L, 1L, 0L, 0L, 25L, 0L, 0L, 0L, 0L, 0L, 
2L, 16L, 0L, 3L, 24L, 0L, 19L, 12L, 7L, 1L, 3L, 12L, 31L, 0L, 
1L, 0L, 0L, 4L, 1L, 3L, 0L, 1L, 10L, 2L, 0L, 0L, 1L, 67L, 0L, 
0L, 0L, 11L, 0L, 21L, 0L, 1L, 0L, 1L, 12L, 26L, 0L, 0L, 4L, 0L, 
0L, 0L, 1L)), class = "data.frame", row.names = c(NA, -100L))
