structure(list(speed = c(4, 4, 7, 7, 8, 9, 10, 10, 10, 11, 11, 
12, 12, 12, 12, 13, 13, 13, 13, 14, 14, 14, 14, 15, 15, 15, 16, 
16, 17, 17, 17, 18, 18, 18, 18, 19, 19, 19, 20, 20, 20, 20, 20, 
22, 23, 24, 24, 24, 24, 25), dist = c(2.2, 10.06, 3.8, 21.8, 
16.1, 9.8, 17.92, 26.2, 34.006, 16.92, 28.2, 14.01, 19.8, 24.1, 
27.97, 26.2, 34.2, 34.06, 46.2, 25.95, 36.1, 59.9993, 80.07, 
19.95, 26.07, 54.1, 32.04, 39.996, 32.008, 39.8, 49.8, 42.05, 
56.2, 76.2, 83.994, 35.92, 46.2, 67.8, 32.1, 48.09, 51.8, 56.1, 
63.98, 65.8, 53.97, 69.8, 91.997, 92.8, 120.2, 85.2)), row.names = c(NA, 
-50L), class = "data.frame")
