structure(list(speed = c(4, 4, 7, 7, 8, 9, 10, 10, 10, 11, 11, 
12, 12, 12, 12, 13, 13, 13, 13, 14, 14, 14, 14, 15, 15, 15, 16, 
16, 17, 17, 17, 18, 18, 18, 18, 19, 19, 19, 20, 20, 20, 20, 20, 
22, 23, 24, 24, 24, 24, 25), dist = c(1.96, 9.94, 4.2, 21.92, 
16.1, 10.1, 17.8, 25.99, 33.9, 17.05, 27.99, 14.1, 19.8, 24.03, 
28.1, 25.8, 33.8, 33.93, 46.03, 26.2, 36.2, 60.2, 80.1, 20.1, 
25.92, 54.1, 31.8, 39.9, 31.9, 39.96, 50.2, 41.91, 56.1, 76.2, 
83.91, 36.1, 46.2, 67.98, 31.8, 48.09, 52.04, 56.2, 63.8, 65.8, 
53.9, 69.997, 91.8, 92.95, 120.2, 84.92)), row.names = c(NA, 
-50L), class = "data.frame")
