structure(list(x1 = c(8.5, 6.2, 1.2, 1, 7.4, 0.012, 3.4, 10, 
5.1, 3.3, 9.2, 5.3, 1.3, 7.4, 4.5, 8.8, 8.5, 6.2, 8.1, 3.9, 7.7, 
5, 6.5, 4, 6.3, 7.8, 5.8, 4.9, 5.2, 0.44, 1.5, 6, 8.3, 8.3, 4.9, 
3.4, 8.2, 1.3, 7.1, 6.7, 0.51, 7.9, 4.6, 0.7, 4.3, 0.046, 4.9, 
0.016, 9.3, 8.6, 6.1, 5.1, 9.7, 3, 3.6, 7.8, 7.5, 6.2, 7.5, 6.4, 
5.2, 4.7, 0.41, 7.8, 6.9, 0.058, 0.92, 3, 4.5, 0.25, 6.7, 8.6, 
6.3, 3, 4.8, 4.8, 1.3, 5.3, 6.9, 2.2, 0.34, 2.1, 7.5, 5.9, 5.5, 
3.3, 5.6, 3.7, 2.6, 6.6, 7.1, 1.2, 3.8, 4.3, 3.1, 0.29, 7, 4.7, 
1.8, 6.9), x2 = c(4.76, 5.77, -0.397, 2.17, 0.27, 1.7, 3.38, 
2.29, 6.14, 2.46, 4.1, -1.75, 3.15, 7.66, -1.26, 1.12, -0.464, 
7.5, 1.2, -0.535, 0.403, 7.77, 5.17, 5.18, 7.71, 2.17, 4.02, 
-1.61, 0.692, 0.316, 2.98, 3.75, 1.21, -0.992, 8.65, 6.96, 5.17, 
7.51, 1.57, 2.12, 0.901, 6.82, -1.91, 0.624, -1.41, 4.46, 4.83, 
1.84, 4.42, 6.56, 8.24, 3.31, 8.08, 7.91, 3.07, -0.18, -0.127, 
8.24, 8.34, 2.62, 1.93, 2.75, 6.68, 6.52, 1.53, 0.939, -1.08, 
1.46, 3.45, 8.02, -0.183, -1.48, -1.4, 2.34, 7.23, 2.55, -1.06, 
6.38, 4.96, 8.08, 0.682, 0.662, -1.76, 5.71, 4.4, -1.8, -0.884, 
4.85, 8.54, 2.15, 5.6, 5.46, -0.738, -1.85, 6.16, -0.546, -1.32, 
6.29, 8.82, 3.13), x3 = c(14.5, 10.4, 14.5, 6.63, 12, 7.14, 6.89, 
14.5, 7.59, 7.6, 14.5, 12.9, 13.7, 10, 7.31, 8.44, 7.31, 9.87, 
6.57, 6.11, 14.4, 8.94, 12.9, 8.22, 6.32, 6.75, 12.1, 8.4, 6.04, 
11.5, 12.7, 14.5, 6.63, 8.55, 12.7, 6.51, 14.3, 14.1, 10.8, 11.2, 
12.7, 9.36, 7.29, 7.91, 6.02, 11.7, 7.24, 9.39, 6.14, 6.78, 11.1, 
14.6, 14.2, 6.87, 10.4, 11.8, 10.1, 8.15, 10.3, 10.9, 12, 7.78, 
12.1, 6.3, 12.6, 6.73, 9.74, 6.38, 11.5, 13.4, 12.2, 13.2, 14.8, 
14.9, 8.42, 12, 9.01, 12.2, 13.4, 6.3, 9.21, 6.54, 6.06, 11.6, 
13.3, 6.29, 6.2, 13.8, 12.3, 10.2, 12.6, 9.99, 14.3, 7.06, 9.76, 
9.92, 10.4, 10.7, 9.37, 8), y = c(0L, 0L, 13L, 0L, 27L, 2L, 1L, 
3L, 0L, 2L, 1L, 49L, 0L, 0L, 36L, 10L, 30L, 0L, 13L, 13L, 11L, 
0L, 0L, 0L, 1L, 4L, 0L, 49L, 9L, 6L, 0L, 0L, 2L, 43L, 0L, 0L, 
1L, 0L, 7L, 2L, 5L, 0L, 32L, 2L, 28L, 0L, 0L, 2L, 2L, 0L, 0L, 
1L, 0L, 0L, 0L, 28L, 24L, 0L, 0L, 0L, 4L, 0L, 0L, 1L, 5L, 4L, 
12L, 4L, 0L, 0L, 24L, 69L, 54L, 0L, 0L, 1L, 6L, 1L, 0L, 0L, 1L, 
7L, 91L, 0L, 1L, 42L, 35L, 0L, 0L, 1L, 0L, 0L, 16L, 59L, 0L, 
7L, 48L, 0L, 0L, 1L)), class = "data.frame", row.names = c(NA, 
-100L))
