structure(list(x1 = c(4.2, 3.8, 8.3, 3.5, 7.1, 7.5, 1.3, 4.7, 
2, 6, 4.7, 7.3, 1.5, 5.6, 7.2, 0.21, 0.2, 3.5, 5.6, 8.7, 8.4, 
8.5, 8, 7.5, 3.4, 7.1, 1.2, 2.4, 2.3, 4.2, 8.5, 3.1, 7.4, 8.2, 
3.3, 7.5, 9.5, 4.7, 1.3, 6.8, 5.8, 9.4, 0.51, 0.75, 2.3, 4.9, 
0.61, 3.9, 8.2, 3.4, 8.3, 6.1, 9.4, 2.1, 1.2, 4.3, 0.58, 5.4, 
6.8, 5.8, 9.2, 2.5, 2.3, 2, 7.8, 1.1, 9.9, 6.2, 5.2, 4, 5.2, 
9.4, 3.1, 7.8, 7.7, 3.8, 3.2, 2, 9.3, 5.6, 8.3, 9.5, 8.2, 0.47, 
6.9, 2.7, 4.6, 9.2, 2.9, 9.2, 6.4, 7.5, 9.9, 5, 5.8, 4.3, 1.4, 
6.6, 4.9, 8.8), x2 = c(4.99, 4, -0.884, 8.75, 7.26, 8.57, 4.92, 
3.4, 6.48, 6.96, 3.16, 2.61, 8.91, 3.8, 2.36, 0.417, 1.78, 5.89, 
-0.259, 8.59, 8.7, 5.88, 6.76, 2.77, 1.7, 6.78, 1.63, 8.15, 3.88, 
4.38, 7.47, 3.75, -1.25, 3.38, -1.23, 5.56, 7.18, 8.3, 6.4, 2.96, 
3.27, 8.88, 1.81, 0.345, 8.98, 7.96, -1.81, 8.57, 7.96, 2.39, 
-0.726, 1.57, 0.612, 2.79, -0.981, 2.86, -1.93, 1.21, 5.77, 0.865, 
0.408, -0.0576, 0.753, -1.55, 8.06, 4.96, -0.883, 2.07, 0.338, 
2.82, 2.67, 8.4, 0.856, 4.07, 6.37, -0.00699, 3.62, 5.34, 6.89, 
7.59, 6.27, 3.25, -0.0248, 5.86, 3.94, 1.16, 5.44, -1.92, 3.72, 
3.64, 7.02, 8.31, 8.34, 8.17, -0.00233, 2.22, 5.6, 8.67, 8.26, 
-1.53), x3 = c(6.74, 6.3, 10.7, 10.3, 9.16, 6.64, 13.8, 14.9, 
12, 12, 9.92, 9.86, 10.7, 14, 7.69, 13.5, 6.19, 8.24, 10, 9.42, 
6.77, 10.9, 6.12, 10.8, 8.98, 14.9, 12.2, 9.63, 8.76, 6.25, 10.8, 
11.5, 14, 8.61, 13.2, 13.4, 14.1, 13.5, 13.1, 12.4, 9.72, 9.16, 
11.3, 9.81, 7.56, 11.3, 10.7, 14.6, 10.4, 8.47, 14.4, 8.2, 9.47, 
6.35, 12.1, 7.27, 13.8, 11.8, 12.3, 8.17, 9.8, 15, 6.67, 6.4, 
7.02, 9.2, 14.9, 13.7, 6.86, 9.21, 7.39, 13.8, 12.6, 8.03, 10.8, 
10.7, 8.24, 14.5, 12.7, 7.5, 14.3, 8.57, 12.3, 11.9, 8.34, 11.7, 
7.89, 6.9, 8.69, 9.25, 8.39, 14.6, 7.71, 13, 13.5, 6.72, 10.8, 
7.19, 9, 12.4), y = c(0L, 0L, 40L, 0L, 0L, 0L, 0L, 2L, 0L, 0L, 
0L, 1L, 0L, 0L, 7L, 2L, 1L, 0L, 16L, 0L, 0L, 0L, 0L, 4L, 1L, 
0L, 4L, 0L, 0L, 1L, 0L, 1L, 60L, 3L, 21L, 0L, 0L, 0L, 0L, 1L, 
1L, 0L, 2L, 8L, 0L, 0L, 17L, 0L, 0L, 0L, 47L, 4L, 9L, 0L, 11L, 
1L, 24L, 5L, 0L, 6L, 23L, 5L, 2L, 30L, 0L, 0L, 51L, 1L, 13L, 
0L, 2L, 0L, 2L, 0L, 0L, 14L, 1L, 0L, 0L, 0L, 0L, 5L, 28L, 0L, 
0L, 3L, 0L, 137L, 1L, 1L, 0L, 0L, 0L, 0L, 15L, 0L, 0L, 0L, 0L, 
98L)), class = "data.frame", row.names = c(NA, -100L))
