structure(list(speed = c(4, 4, 7, 7, 8, 9, 10, 10, 10, 11, 11, 
12, 12, 12, 12, 13, 13, 13, 13, 14, 14, 14, 14, 15, 15, 15, 16, 
16, 17, 17, 17, 18, 18, 18, 18, 19, 19, 19, 20, 20, 20, 20, 20, 
22, 23, 24, 24, 24, 24, 25), dist = c(1.91, 9.94, 3.9, 22.1, 
16.2, 10.1, 18.1, 26.1, 34.2, 16.8, 28.2, 13.9, 19.998, 23.8, 
28.1, 26.04, 33.98, 33.9, 46.2, 25.8, 35.8, 59.97, 79.8, 20.2, 
25.8, 53.8, 32.2, 40.2, 31.8, 40.06, 50.1, 42.1, 55.8, 76.1, 
84.1, 36.2, 46.1, 68.1, 31.8, 48.07, 52.2, 56.1, 63.93, 65.9, 
53.99, 70.04, 92.01, 93.04, 120.06, 84.8)), row.names = c(NA, 
-50L), class = "data.frame")
