structure(list(x1 = c(3.3, 3.8, 2.9, 7.3, 9.3, 7.1, 7.6, 8, 8.4, 
0.86, 9.8, 2.3, 5, 0.92, 6.9, 5.7, 4.6, 2.4, 9.6, 1.9, 0.83, 
4.5, 1.7, 10, 1.3, 1.9, 9.1, 9, 1.4, 6.2, 7.8, 7.8, 0.35, 7.8, 
7.3, 9.3, 7.6, 7, 1, 6.3, 8.3, 7.1, 3.6, 2.2, 4.7, 5.8, 5.2, 
5.8, 6.3, 0.17, 6.9, 1.4, 0.41, 5.8, 5.8, 1.9, 0.76, 4.1, 9.7, 
5.7, 3, 5.7, 7.8, 8, 1, 8.7, 0.87, 6.8, 1.3, 3.5, 0.016, 6.9, 
5.8, 9.4, 10, 8.7, 8.1, 6.8, 4.9, 8.4, 4.9, 0.72, 0.32, 1, 3.2, 
3.9, 7.9, 7.8, 5.1, 9.1, 2, 1.5, 8.3, 0.86, 0.73, 6.3, 0.32, 
6, 6.7, 8), x2 = c(1.98, 7, 7.32, 6.48, 5.1, 8.89, 8.28, 8.36, 
1.54, 3.99, 7.2, 4.83, 0.565, -0.494, 7.81, 1.08, 3.49, 4.18, 
3.27, 5.21, 0.73, 2.23, 8.9, 5.98, 4.39, 4.05, 0.0148, 0.602, 
-0.425, 2.61, 7.14, 3.23, 3.88, 3.22, 3.3, 3.33, 6.04, 5.14, 
5.77, -0.504, 6.55, 8.39, 7.26, 1.8, 8.15, 6.88, -1.47, 2.68, 
1.49, 5.45, 8.07, 3.94, 5.19, 0.847, 5.36, 6.55, 3.99, -1.81, 
2.17, 4.64, 7.24, 2.27, 5.43, 7.63, 8.33, 3.01, -1.24, 0.5, 7.56, 
2.49, 3.48, 1.66, 2.89, -1.12, 1.1, 6.52, -0.946, 6.11, -0.635, 
4.76, -1.71, -0.502, 1.51, 1.52, -1.31, 2.24, 1.47, 1.47, -1.49, 
2.97, 5.11, 0.657, 5.57, -0.569, 4.21, 5.63, 8.16, 4.42, 3.56, 
7.3), x3 = c(9.29, 6.14, 10.9, 15, 8.3, 12.9, 13.7, 10, 11.3, 
14.9, 8.95, 9.13, 14.6, 6.75, 11.6, 7.97, 8.17, 7.5, 9.28, 11, 
11.1, 14.3, 10.7, 14.2, 11.4, 9.15, 8.41, 10.4, 14, 9.18, 11.2, 
12.5, 9.75, 6.63, 10.1, 6.61, 6.9, 11.6, 8.93, 9.1, 10.7, 10.8, 
11.7, 12.4, 11.8, 13.7, 10.1, 6.89, 9.85, 11.5, 11.5, 10.2, 12.4, 
13.5, 10.4, 13.6, 7.09, 7.27, 10.7, 6.25, 14.2, 6.21, 9.56, 8.51, 
11.8, 8.41, 12.6, 12.7, 13.2, 14.7, 7.82, 14.1, 7.12, 11.7, 13, 
7.14, 6.42, 12.6, 7.65, 11.8, 6.98, 13.9, 10.4, 12.7, 13, 14.2, 
9.53, 12.4, 13.4, 8.59, 8.91, 9.08, 8.82, 12.1, 7.11, 6.17, 11.2, 
12.1, 8.6, 9.95), y = c(1L, 0L, 0L, 0L, 1L, 0L, 0L, 0L, 9L, 0L, 
1L, 0L, 6L, 6L, 0L, 5L, 0L, 0L, 3L, 0L, 4L, 2L, 0L, 1L, 0L, 0L, 
32L, 21L, 9L, 5L, 0L, 1L, 1L, 3L, 3L, 1L, 0L, 1L, 0L, 32L, 0L, 
0L, 0L, 0L, 0L, 0L, 54L, 0L, 5L, 0L, 0L, 0L, 0L, 5L, 1L, 0L, 
0L, 50L, 1L, 1L, 0L, 3L, 0L, 0L, 0L, 1L, 12L, 12L, 0L, 2L, 1L, 
5L, 1L, 80L, 12L, 0L, 43L, 0L, 21L, 0L, 40L, 5L, 3L, 3L, 26L, 
1L, 8L, 5L, 41L, 2L, 0L, 3L, 0L, 11L, 0L, 0L, 0L, 0L, 0L, 0L)), class = "data.frame", row.names = c(NA, 
-100L))
