structure(list(x1 = c(6.7, 8.2, 6.7, 3, 0.98, 2.2, 2.9, 8.9, 
5.5, 4.4, 4.7, 3.7, 0.94, 4, 3.3, 9.5, 8.6, 8.8, 5, 6.3, 2.6, 
0.85, 5.7, 4.5, 9.6, 2.1, 6.8, 7.6, 6.8, 5.4, 0.43, 0.32, 7.9, 
8.6, 5.6, 9.2, 3.8, 5, 5, 7.1, 4.5, 2.5, 8.2, 6.8, 9.6, 8.1, 
1, 4.6, 7.7, 1.2, 7.2, 4.8, 6, 5.7, 0.49, 8.2, 0.72, 1.4, 8, 
4.6, 3.2, 7.3, 6.8, 4.2, 6.8, 6.6, 9.9, 8.5, 7.7, 2.7, 10, 0.24, 
0.89, 6.7, 3.6, 9.8, 5.8, 1.2, 2.8, 8, 8, 5.6, 5.6, 6.9, 2.3, 
8.5, 5, 8.4, 9.6, 0.39, 9.4, 0.33, 9.7, 6.5, 7.2, 0.31, 8.9, 
7.2, 4.3, 7.2), x2 = c(-0.433, 6.04, 8.87, 3.58, 3.93, 0.405, 
2.42, 2.95, 1.59, 0.548, 5.91, 8.47, 4.66, 5.59, 7.72, 4.81, 
8.86, 1.43, -1.19, 5.91, 4.3, 1.75, 7.67, 2.99, 7.78, -0.171, 
-1.22, -1.73, -1.05, 7.14, 7.94, 4.84, 5.61, 8.57, -0.00267, 
0.206, 2.07, 0.365, 8.16, 7.5, -0.241, 2.6, -1.31, 3.79, -0.639, 
0.54, 8.03, 0.399, 1.2, -0.343, -0.295, 7, 8.63, 7.58, 6.9, 1.6, 
8.46, -0.563, 0.797, -0.481, 6.96, 6.88, 1.95, 5.47, 8.03, 0.749, 
8.4, 6.44, -0.238, -1.98, -1.76, 0.0415, 4.11, 7.8, 5.88, -0.67, 
6.54, 2.65, -0.12, -0.863, 3.74, -1.96, 8.93, 0.688, 6.6, 2.05, 
3.63, -0.917, 6.97, 8.87, 0.00695, 1.8, 0.0889, 5.83, 8.91, 6.62, 
6.09, 8.4, 5.93, 7.68), x3 = c(12.9, 7.05, 10.3, 14.3, 8.15, 
12.2, 8.49, 7.21, 13.8, 13.8, 9.43, 14.4, 10.6, 9.73, 13.3, 7.34, 
8.83, 14.1, 6.86, 7.33, 7.81, 8.21, 11.9, 10.9, 6.22, 10.8, 14.6, 
10.3, 7.8, 13.6, 12.7, 9.74, 13.8, 7.14, 11.8, 12.1, 12.5, 12.9, 
7.35, 12.5, 12.2, 11.5, 14.6, 13.3, 9.86, 13.1, 13.1, 12.3, 8.38, 
10.3, 11.2, 7.75, 9.28, 12.6, 10.3, 6.5, 9.39, 12.1, 6.51, 13.5, 
14.9, 12.5, 6.41, 10.7, 11.4, 7.45, 10.1, 8.97, 10.9, 11.1, 7.69, 
8.19, 7.75, 12, 8.17, 12.9, 14.2, 11.2, 7.62, 6.81, 11.8, 9.95, 
9.51, 14.8, 10.9, 12.3, 11.5, 10, 11.3, 9.09, 6.08, 7.84, 9.42, 
7.89, 12.9, 14.6, 12.4, 7.86, 9.38, 14.2), y = c(13L, 0L, 0L, 
1L, 0L, 8L, 2L, 4L, 3L, 8L, 0L, 0L, 0L, 0L, 0L, 0L, 0L, 13L, 
24L, 0L, 0L, 1L, 0L, 3L, 0L, 11L, 55L, 79L, 34L, 0L, 0L, 0L, 
0L, 1L, 10L, 24L, 2L, 7L, 0L, 0L, 20L, 1L, 66L, 1L, 51L, 14L, 
0L, 8L, 7L, 9L, 25L, 0L, 0L, 0L, 1L, 4L, 0L, 7L, 17L, 17L, 0L, 
0L, 1L, 0L, 0L, 14L, 0L, 0L, 24L, 44L, 156L, 3L, 1L, 0L, 0L, 
43L, 0L, 1L, 4L, 52L, 2L, 72L, 0L, 16L, 0L, 6L, 1L, 54L, 0L, 
0L, 41L, 2L, 30L, 0L, 0L, 0L, 0L, 0L, 0L, 0L)), class = "data.frame", row.names = c(NA, 
-100L))
