structure(list(speed = c(4, 4, 7, 7, 8, 9, 10, 10, 10, 11, 11, 
12, 12, 12, 12, 13, 13, 13, 13, 14, 14, 14, 14, 15, 15, 15, 16, 
16, 17, 17, 17, 18, 18, 18, 18, 19, 19, 19, 20, 20, 20, 20, 20, 
22, 23, 24, 24, 24, 24, 25), dist = c(2.09, 10.2, 4.09, 21.9, 
15.8, 9.9, 17.9, 26.2, 34.03, 16.97, 27.98, 13.94, 19.8, 23.95, 
27.91, 26.2, 34.2, 34.2, 45.9994, 26.07, 35.9, 59.8, 80.04, 19.98, 
26.2, 53.9, 32.09, 40.1, 32.09, 40.02, 49.8, 41.8, 56.1, 76.2, 
84.03, 36.2, 45.94, 67.9997, 31.9998, 48.1, 51.97, 55.9, 64.2, 
66.09, 54.2, 70.2, 91.8, 92.98, 120.1, 84.8)), row.names = c(NA, 
-50L), class = "data.frame")
