structure(list(speed = c(4, 4, 7, 7, 8, 9, 10, 10, 10, 11, 11, 
12, 12, 12, 12, 13, 13, 13, 13, 14, 14, 14, 14, 15, 15, 15, 16, 
16, 17, 17, 17, 18, 18, 18, 18, 19, 19, 19, 20, 20, 20, 20, 20, 
22, 23, 24, 24, 24, 24, 25), dist = c(1.93, 10.1, 4.2, 21.8, 
15.9, 9.8, 17.9, 25.8, 33.8, 17.008, 28.2, 14.08, 20.03, 24.09, 
28.2, 26.009, 33.8, 33.8, 45.94, 25.8, 36.06, 60.03, 79.94, 20.005, 
26.2, 53.8, 32.07, 40.08, 32.1, 39.8, 49.8, 41.91, 56.2, 76.2, 
84.2, 35.9, 45.9, 67.8, 32.1, 47.8, 52.07, 56.2, 63.97, 66.1, 
54.09, 70.2, 92.09, 93.2, 119.97, 84.8)), row.names = c(NA, -50L
), class = "data.frame")
