structure(list(x1 = c(5.7, 7.5, 3.4, 9.8, 1.3, 6.9, 3, 3.8, 9, 
1.7, 3.7, 9.7, 8.6, 1.5, 8.2, 7.7, 9.6, 2.6, 8.5, 10, 8.3, 3.7, 
6.5, 2.6, 8.7, 3.6, 6.3, 3.1, 3.9, 3.8, 9, 7.4, 4.9, 3, 0.17, 
8, 3.1, 7.8, 9.4, 9.5, 4.4, 3.8, 9.7, 2.3, 7, 4.3, 6.2, 4.7, 
4.9, 6.6, 3.9, 7.7, 5, 6.8, 0.059, 4.9, 2.1, 5.9, 6.1, 7, 2.9, 
5.3, 9.7, 8.3, 5, 1.3, 5.5, 8.2, 6.5, 1.2, 3.2, 6.5, 1.6, 1.6, 
4.3, 3.6, 9.2, 4.5, 1, 3.5, 7.6, 2.6, 8.7, 4.2, 0.97, 9.9, 1.6, 
9.2, 8.5, 5.1, 0.81, 4.1, 9.4, 1.6, 5.2, 5, 6.8, 8.2, 0.77, 6
), x2 = c(8.62, 4.46, -0.196, 6.34, 2.43, 5.64, -1.75, -0.0954, 
2.82, 5.54, -1.87, 5.13, 8.54, -0.355, 6.3, 0.192, 1.63, 7.82, 
-0.488, 7.38, 1.64, 8.4, 5.27, 1.93, 1.93, 1.85e-05, 0.571, -1.3, 
-1.22, 6.43, 7.81, 7.46, 5.32, 4.38, 4.5, -1.96, -0.428, 8.33, 
6.51, 0.851, 5.37, 7.01, 0.752, 5.3, 6.79, 5.34, 3.12, -1.8, 
5.66, -0.174, 8.21, 0.518, 0.0886, 4.65, 3.49, 4.61, 4.93, -0.0277, 
0.634, 3.64, 7.4, -1.57, 6.81, 8.97, 7.09, -1.2, 2.56, 1.73, 
2.36, 4.43, -0.935, 1.53, 1.38, 3.38, 2.46, 4.2, 5.42, 4.06, 
6.43, 8.15, 7.99, 1.2, 6.09, 0.186, 4.74, 7.77, 2.57, 7.58, 5.23, 
-1.03, 0.0755, 6.12, 8.81, 3.34, 6.05, -1.5, 2.62, -1.66, 3.96, 
5.49), x3 = c(8.34, 14.2, 11.2, 7.95, 13.7, 7.98, 14, 13.5, 9.44, 
12.3, 13.2, 10.6, 8.85, 6.12, 10.1, 12.5, 11.7, 7.02, 7.94, 10.4, 
12.2, 12.9, 6.16, 7.34, 8.58, 10.1, 7.73, 9.65, 12.1, 11.1, 13.3, 
12.3, 11.4, 8.22, 10.4, 6.13, 10.2, 14.5, 6.8, 8.45, 12.1, 6.25, 
13.8, 9.54, 10.2, 9.51, 14.9, 12.5, 7.88, 7.67, 7.41, 8.16, 12.2, 
10.7, 6.69, 10.9, 7.86, 13.8, 6.45, 7.07, 6.84, 12.7, 13.8, 11.2, 
6.8, 9.9, 10.5, 8.89, 11, 10.7, 9.25, 12.3, 8.72, 13.2, 9.26, 
6.52, 8.51, 7.75, 8.98, 12.8, 7.33, 9.2, 7.12, 13.5, 14.7, 7.08, 
9.93, 7.02, 6.03, 14.3, 14.2, 12.3, 11.6, 9.23, 11.8, 11.1, 8.3, 
6.69, 14.5, 12.9), y = c(0L, 1L, 6L, 0L, 1L, 0L, 42L, 10L, 2L, 
0L, 50L, 1L, 0L, 6L, 1L, 15L, 4L, 0L, 37L, 1L, 5L, 0L, 0L, 0L, 
3L, 9L, 7L, 25L, 25L, 0L, 0L, 0L, 0L, 0L, 0L, 105L, 14L, 0L, 
0L, 18L, 0L, 1L, 26L, 0L, 0L, 0L, 1L, 54L, 0L, 21L, 0L, 9L, 15L, 
1L, 0L, 1L, 0L, 16L, 11L, 4L, 0L, 48L, 0L, 0L, 0L, 21L, 6L, 2L, 
1L, 0L, 13L, 6L, 6L, 1L, 0L, 1L, 2L, 2L, 0L, 0L, 0L, 1L, 0L, 
6L, 0L, 0L, 1L, 0L, 0L, 24L, 5L, 0L, 1L, 1L, 0L, 46L, 4L, 74L, 
1L, 0L)), class = "data.frame", row.names = c(NA, -100L))
