structure(list(speed = c(4, 4, 7, 7, 8, 9, 10, 10, 10, 11, 11, 
12, 12, 12, 12, 13, 13, 13, 13, 14, 14, 14, 14, 15, 15, 15, 16, 
16, 17, 17, 17, 18, 18, 18, 18, 19, 19, 19, 20, 20, 20, 20, 20, 
22, 23, 24, 24, 24, 24, 25), dist = c(2.04, 10.1, 3.92, 22.2, 
15.8, 10.1, 17.9, 25.94, 34.2, 16.8, 27.93, 14.2, 20.2, 23.8, 
28.2, 26.1, 34.2, 33.9, 46.2, 26.2, 36.2, 59.93, 80.08, 19.9, 
26.2, 53.93, 32.06, 39.9, 31.94, 39.94, 50.2, 42.1, 55.993, 75.9, 
83.8, 36.1, 45.91, 68.1, 32.2, 48.2, 51.97, 55.94, 64.2, 65.9, 
54.1, 69.96, 92.06, 92.98, 119.997, 85.08)), row.names = c(NA, 
-50L), class = "data.frame")
