structure(list(x1 = c(3.6, 7.9, 9.4, 0.22, 3, 0.35, 2, 0.39, 
1.7, 5.2, 8.8, 6.7, 5.7, 6.9, 8.2, 5.2, 0.99, 0.5, 3.7, 0.041, 
6.3, 5.6, 3.8, 5.1, 8.5, 0.67, 6.4, 6.6, 7.5, 0.55, 0.57, 3.1, 
8.4, 9.8, 8.8, 2, 2.1, 1, 7.2, 0.95, 6.5, 9.9, 4.3, 7.8, 6.9, 
8.1, 6.9, 8.8, 4.5, 0.46, 4.5, 1.7, 7.2, 4.6, 7.5, 6, 4.8, 8.2, 
3.1, 5.9, 7.7, 4.1, 3.7, 5.5, 5.1, 0.28, 6.7, 5.1, 4, 4.6, 5.5, 
7.1, 5.4, 8.1, 6.6, 2.2, 2.6, 0.38, 9.2, 1.8, 8.1, 2, 9.5, 9.4, 
3.3, 1, 3.5, 6.9, 6.8, 2, 8, 8.4, 4.2, 3.4, 3.1, 9.7, 6, 5.8, 
6.6, 0.47), x2 = c(-0.206, 0.215, 4.26, -1.67, -0.836, 6.25, 
-1.85, -1.49, -0.633, 3.94, 8.31, 0.902, 3.12, 3.9, 8.03, 3.48, 
6.91, 8.65, 8.34, -0.791, 3.7, 5.21, 8.58, -0.467, 3.01, 5.34, 
-0.934, 5.75, 1.1, 6.56, 6.56, 5.32, 3.7, 6.56, 4.13, 6.42, 0.444, 
7.79, 4.25, 3.67, 2.73, 8.78, 7.37, 8.43, -0.021, 0.119, -0.68, 
6.78, -1.87, 5.71, 2.21, 8.76, 8.89, 7.64, 3.54, 7.3, 7.1, 7.47, 
-1.77, 6.61, 8.02, 3.43, 7.76, 5.19, 4.16, -0.0548, 2, -0.941, 
-0.121, 4.38, 0.0145, 8.83, 2, 6.77, 8.32, 7.48, 1.29, 1.85, 
6.05, 3.23, 7.5, 3.62, 7.79, 7.85, 2.16, 6.37, 2.06, 7.94, 0.944, 
7.16, 1.39, -0.00237, -0.276, 2.19, 0.254, 0.183, 2.64, 0.604, 
5.06, 5.04), x3 = c(8.35, 6.49, 14.5, 8.2, 10, 13.3, 14.5, 9.96, 
13.6, 13.6, 12, 13.3, 6.08, 8.77, 11.8, 7.76, 9.65, 9.15, 13.2, 
9.22, 9.67, 9.17, 6.81, 8.22, 6.73, 8.12, 6.73, 8.74, 10.7, 9.24, 
7.11, 12, 13.6, 7.06, 11.2, 14, 7.27, 10.8, 14.1, 14.8, 7.83, 
7.8, 7.23, 11.9, 10.2, 8.36, 14.7, 9.14, 8.28, 6.07, 14.6, 14.2, 
9.14, 7.43, 12, 9.96, 8.1, 6.97, 12.2, 14.4, 13.7, 6.45, 13.8, 
6.45, 12.4, 6.85, 11.1, 12.3, 14.2, 11.7, 7.59, 10.6, 8.18, 9.9, 
7.55, 6.27, 13.5, 10.5, 11.9, 10.1, 6.08, 10.9, 6.58, 9.88, 11, 
14.7, 7.56, 8.67, 13.9, 9.03, 14.4, 9.63, 12, 11.9, 11.2, 13.9, 
7.04, 13.4, 11.8, 9.11), y = c(8L, 14L, 0L, 16L, 22L, 0L, 38L, 
11L, 11L, 1L, 0L, 9L, 2L, 1L, 0L, 1L, 0L, 0L, 0L, 12L, 1L, 0L, 
0L, 17L, 2L, 0L, 34L, 0L, 11L, 0L, 0L, 0L, 1L, 1L, 1L, 0L, 4L, 
0L, 0L, 0L, 2L, 0L, 0L, 0L, 19L, 18L, 22L, 0L, 46L, 0L, 2L, 0L, 
0L, 0L, 0L, 0L, 1L, 0L, 27L, 0L, 0L, 1L, 0L, 1L, 0L, 7L, 3L, 
31L, 14L, 0L, 11L, 0L, 1L, 0L, 0L, 0L, 1L, 0L, 0L, 0L, 0L, 1L, 
0L, 0L, 0L, 0L, 1L, 0L, 11L, 0L, 5L, 27L, 13L, 1L, 3L, 33L, 1L, 
9L, 0L, 0L)), class = "data.frame", row.names = c(NA, -100L))
