structure(list(speed = c(4, 4, 7, 7, 8, 9, 10, 10, 10, 11, 11, 
12, 12, 12, 12, 13, 13, 13, 13, 14, 14, 14, 14, 15, 15, 15, 16, 
16, 17, 17, 17, 18, 18, 18, 18, 19, 19, 19, 20, 20, 20, 20, 20, 
22, 23, 24, 24, 24, 24, 25), dist = c(2.2, 10.0001, 3.97, 21.95, 
16.2, 9.9, 18.1, 26.2, 34.2, 17.2, 27.8, 14.01, 19.8, 23.9, 27.9, 
26.07, 34.08, 34.2, 46.01, 26.1, 36.08, 59.995, 79.8, 19.8, 26.2, 
54.1, 32.03, 40.2, 31.8, 40.2, 50.2, 41.9, 56.1, 75.96, 83.8, 
36.02, 46.2, 68.2, 31.97, 47.8, 51.97, 55.91, 64.2, 65.95, 53.8, 
70.1, 91.8, 93.2, 119.8, 84.99)), row.names = c(NA, -50L), class = "data.frame")
