structure(list(x1 = c(8.5, 5, 4.4, 4, 8.9, 2.9, 7.9, 8.8, 8.4, 
9.9, 0.94, 5.3, 1.5, 3, 2.8, 6.4, 6.6, 8.4, 5.2, 7.9, 6.6, 4.9, 
0.13, 0.19, 9.5, 7.4, 5.6, 9.9, 1.5, 8.9, 8.1, 2.5, 7.7, 4.3, 
1.7, 5.3, 9, 8, 4.3, 0.57, 4.4, 3.3, 9.6, 4.1, 1.4, 7.3, 0.48, 
9.2, 0.053, 4.8, 0.55, 7.1, 0.28, 6.5, 0.43, 1, 3.4, 3, 5.3, 
8, 7, 9.2, 7.4, 6.4, 0.85, 6.6, 5.7, 0.7, 1.5, 1.6, 9.2, 0.9, 
8.7, 7.4, 2.5, 1.6, 2.8, 7.9, 9.1, 7.6, 7.1, 4.7, 6.1, 0.8, 2.2, 
7.7, 0.8, 1.8, 2.6, 3.2, 1.1, 1.3, 2.1, 0.2, 0.45, 2.1, 1.8, 
1, 9, 0.81), x2 = c(6.94, 3.46, 5.22, 1.43, 7.87, 3.81, 4.33, 
5.95, 7.37, 5.13, 8.35, -1.09, 2.05, 6.97, -0.925, 2.13, 4.88, 
-0.204, -1.23, 3.53, 0.194, 8.99, 3.1, 3.54, -0.656, 3.02, 5.9, 
3.95, 1.46, 6.58, 5.77, 2.51, 2.88, 7.24, 6.91, 2.13, 5.92, 1.61, 
8.96, 5.28, -1.04, -1.16, 0.47, 0.293, 2.17, -0.752, -1.03, 1.87, 
4.4, 6.13, 7.22, 0.562, -0.624, 4.94, 5.42, 7.66, 4.47, 4.14, 
5.37, -0.801, 8.39, 6.86, 8.86, -0.671, -1.28, 2.97, -1.34, 6.45, 
-0.863, -1.63, 4.34, 3.64, 8.6, 7.14, 0.221, 1.14, 7.14, -1.26, 
5.81, 0.719, 3.53, 2.99, 2.93, -1.33, 0.848, 4.58, -1.51, 3.6, 
5.83, 2.97, 3.38, 5.11, 5.62, -1.58, 1.66, 7.81, -0.8, 3.31, 
2.88, 0.493), x3 = c(7.58, 10.3, 13.9, 13.4, 13.2, 14.3, 9.71, 
13.3, 11, 6.81, 10.3, 9.22, 10.3, 13, 10.3, 9.02, 12.2, 8.99, 
10.7, 8.84, 9.93, 9.07, 6.4, 8.98, 11.1, 8.17, 6.12, 12, 10.3, 
10.6, 7.57, 11.7, 8.17, 6.86, 9.59, 6.12, 7.94, 11.5, 7.43, 12.3, 
8.12, 10.9, 8.78, 12.8, 12.3, 7.34, 13.2, 8.67, 8.71, 14.7, 12.2, 
14.1, 10.2, 14.2, 12.4, 11.7, 9.4, 11.7, 10.1, 14.7, 14.4, 10.6, 
6.4, 11.5, 11.3, 6.91, 8.12, 8.03, 10.7, 13.4, 11.4, 10.9, 13.9, 
7.33, 6.69, 10.7, 6.86, 11.9, 10.3, 13.8, 12.8, 12.5, 8.37, 14.6, 
9.63, 9.48, 11.4, 7.17, 8.19, 14.3, 11.5, 13.6, 11.7, 6.08, 10.5, 
14.2, 13.7, 13.5, 8.03, 9.04), y = c(0L, 0L, 0L, 4L, 0L, 0L, 
0L, 0L, 0L, 0L, 0L, 28L, 2L, 0L, 17L, 1L, 0L, 28L, 34L, 1L, 20L, 
0L, 0L, 1L, 42L, 1L, 0L, 2L, 1L, 0L, 0L, 2L, 2L, 0L, 1L, 1L, 
1L, 5L, 0L, 0L, 21L, 25L, 37L, 9L, 1L, 35L, 12L, 5L, 0L, 0L, 
0L, 13L, 14L, 0L, 0L, 0L, 0L, 0L, 0L, 51L, 0L, 0L, 0L, 29L, 16L, 
3L, 59L, 1L, 16L, 27L, 1L, 2L, 0L, 0L, 11L, 2L, 0L, 54L, 0L, 
11L, 0L, 0L, 2L, 12L, 3L, 0L, 19L, 0L, 0L, 0L, 1L, 0L, 0L, 19L, 
0L, 0L, 18L, 0L, 3L, 3L)), class = "data.frame", row.names = c(NA, 
-100L))
