structure(list(x1 = c(6.5, 7.2, 1.1, 3.4, 1.3, 1.5, 5.4, 2.9, 
7, 2.8, 7.9, 2.7, 0.21, 2.4, 3.1, 8.3, 1.3, 6.9, 9.3, 6.9, 10, 
0.11, 1.1, 3.4, 4.6, 5.8, 4.5, 3.8, 2.4, 7.1, 3.7, 4.1, 1, 4.3, 
2.1, 8.7, 3.9, 0.43, 8.4, 7.1, 8, 4, 6, 1.9, 8.7, 1.1, 4.5, 9.6, 
1.3, 8.2, 9.6, 4.5, 3.2, 4.2, 1.6, 0.63, 8.6, 4.5, 9.6, 5.1, 
2.5, 5.4, 2.1, 5.1, 0.55, 5.6, 1.8, 5.4, 6.8, 0.78, 0.22, 3.3, 
7.3, 4.9, 7.7, 6, 9.6, 5, 3.1, 6.6, 5.4, 0.037, 9.2, 0.026, 5.2, 
4.5, 4.8, 6.7, 1.1, 9.2, 0.034, 7.4, 0.34, 8.5, 3.3, 5.4, 9.9, 
4.2, 1.4, 1.9), x2 = c(2.47, 3.28, 8.69, 7.47, 7.63, 1.31, 6.19, 
5.34, 5.18, 2.19, 5.03, 8.09, 0.722, 5.84, -0.0968, 7.52, 8.11, 
2.98, 2.68, 0.324, 2.06, -0.391, 6.14, 3.64, 6.23, 2.18, 7.91, 
5.59, 2.56, 5.41, 0.892, 7.09, 3.66, 7.09, 7.42, 6.39, 5.08, 
6.61, 5.5, 6.07, 7.12, -1.61, -0.652, 8.51, 3.6, 6.8, 1.26, 4.21, 
4.38, 0.603, 8.73, 2.97, 7.62, 1, 7.53, 2.98, 0.283, 7.38, 7.44, 
1.71, 5.63, 3.88, 2.93, -0.0558, -1.59, 8.97, 1.21, 0.332, 5.75, 
1.41, 0.4, -1.16, -1.64, 8.4, -0.0401, 6.4, 6.56, -1.82, -1.39, 
7.05, 8.02, 3.07, 5.67, -0.0717, 1.06, 7.47, 1.05, 3.6, -0.0225, 
0.375, 2.86, 6.59, -1.71, 3.17, 4.44, 5.57, 4.76, 8.56, 4.4, 
3.7), x3 = c(8.33, 11.1, 8.51, 7.7, 10.8, 13, 9.46, 12.7, 11.9, 
13.6, 12.7, 7.65, 6.52, 10.1, 6.57, 13.5, 12.2, 13.5, 9.34, 6.44, 
11.9, 11.7, 11.4, 7.17, 13.6, 12.4, 14.7, 7.81, 10.9, 11.2, 7.13, 
12.3, 9.76, 14.4, 8.36, 10.8, 13.9, 8.89, 11.7, 6.55, 14.8, 8.85, 
12.3, 11, 6.78, 7.98, 12.6, 6.2, 8.97, 12.4, 13.4, 9.08, 10.6, 
11.9, 13.6, 12.2, 9.15, 14.6, 14.2, 11.6, 6.8, 11.9, 9.36, 7.47, 
7.74, 14.5, 11.7, 12.1, 10.9, 10, 12.5, 7.07, 14.5, 14.2, 6.79, 
14.5, 11.2, 11.2, 7.45, 14, 8.59, 11.2, 6.62, 14.3, 10.3, 11.8, 
6.47, 8.16, 9.97, 6.88, 12.9, 14.3, 13.1, 7.99, 10.1, 9.79, 12.3, 
9.15, 6.35, 6.45), y = c(3L, 2L, 0L, 0L, 0L, 3L, 0L, 0L, 1L, 
1L, 1L, 0L, 3L, 1L, 4L, 0L, 0L, 1L, 2L, 10L, 7L, 4L, 0L, 0L, 
0L, 3L, 0L, 2L, 0L, 1L, 3L, 1L, 0L, 0L, 0L, 0L, 0L, 0L, 1L, 1L, 
0L, 40L, 35L, 0L, 1L, 0L, 2L, 0L, 1L, 7L, 0L, 1L, 0L, 1L, 0L, 
0L, 18L, 0L, 0L, 7L, 0L, 1L, 0L, 14L, 14L, 0L, 2L, 10L, 0L, 2L, 
2L, 11L, 87L, 0L, 19L, 1L, 0L, 39L, 25L, 0L, 0L, 0L, 0L, 3L, 
6L, 0L, 7L, 2L, 6L, 21L, 0L, 0L, 22L, 2L, 0L, 0L, 0L, 0L, 0L, 
0L)), class = "data.frame", row.names = c(NA, -100L))
