structure(list(speed = c(4, 4, 7, 7, 8, 9, 10, 10, 10, 11, 11, 
12, 12, 12, 12, 13, 13, 13, 13, 14, 14, 14, 14, 15, 15, 15, 16, 
16, 17, 17, 17, 18, 18, 18, 18, 19, 19, 19, 20, 20, 20, 20, 20, 
22, 23, 24, 24, 24, 24, 25), dist = c(2.07, 10.1, 3.8, 21.92, 
15.8, 9.8, 18.02, 25.9, 34.1, 16.9, 28.1, 13.9, 19.8, 23.9, 27.9, 
26.2, 33.8, 34.1, 46.2, 26.09, 36.2, 59.8, 79.8, 19.92, 25.98, 
54.04, 31.97, 39.94, 31.9, 40.1, 49.94, 41.96, 55.8, 75.97, 83.9, 
36.2, 45.95, 67.8, 32.2, 48.1, 52.2, 55.95, 64.05, 65.8, 54.2, 
69.8, 91.97, 93.2, 119.8, 85.2)), row.names = c(NA, -50L), class = "data.frame")
