structure(list(speed = c(4, 4, 7, 7, 8, 9, 10, 10, 10, 11, 11, 
12, 12, 12, 12, 13, 13, 13, 13, 14, 14, 14, 14, 15, 15, 15, 16, 
16, 17, 17, 17, 18, 18, 18, 18, 19, 19, 19, 20, 20, 20, 20, 20, 
22, 23, 24, 24, 24, 24, 25), dist = c(2.1, 10.1, 4.1, 21.8, 16.2, 
9.9, 17.8, 25.95, 34.1, 17.2, 28.09, 14.2, 20.002, 23.92, 28.2, 
26.1, 33.92, 33.95, 46.005, 26.1, 35.9, 59.8, 79.9, 20.1, 26.2, 
53.94, 32.2, 39.8, 32.2, 39.95, 49.96, 41.8, 56.1, 76.2, 83.8, 
36.2, 46.2, 67.91, 31.98, 48.1, 51.8, 55.95, 63.99, 66.2, 54.2, 
70.1, 91.97, 92.8, 119.9, 84.8)), row.names = c(NA, -50L), class = "data.frame")
