structure(list(speed = c(4, 4, 7, 7, 8, 9, 10, 10, 10, 11, 11, 
12, 12, 12, 12, 13, 13, 13, 13, 14, 14, 14, 14, 15, 15, 15, 16, 
16, 17, 17, 17, 18, 18, 18, 18, 19, 19, 19, 20, 20, 20, 20, 20, 
22, 23, 24, 24, 24, 24, 25), dist = c(1.96, 9.8, 3.92, 21.9, 
16.2, 9.9, 18.02, 26.04, 33.92, 16.8, 27.8, 14.1, 20.2, 23.8, 
28.2, 26.2, 34.1, 33.92, 45.9, 25.9, 36.002, 59.8, 80.1, 19.8, 
25.8, 53.9, 31.91, 39.9, 32.06, 40.03, 49.8, 41.98, 56.03, 75.91, 
84.09, 36.1, 45.98, 67.8, 32.2, 48.02, 51.92, 55.8, 64.1, 65.9, 
53.96, 69.8, 91.8, 93.09, 119.9, 85.03)), row.names = c(NA, -50L
), class = "data.frame")
