structure(list(x1 = c(4.2, 0.23, 3.4, 2.3, 9.3, 2.2, 5.4, 5.9, 
3.4, 1.5, 1.8, 7.7, 8.1, 1.9, 9.5, 8.9, 7.1, 3.4, 3.1, 2, 5, 
0.086, 7.7, 0.34, 0.88, 2.9, 3.1, 2.3, 6.2, 5.6, 1.4, 4.6, 5.6, 
3.2, 6.9, 7.7, 4.5, 1.3, 8.9, 5.4, 3.5, 0.16, 7.4, 2.2, 4.2, 
1.1, 0.27, 6.8, 2.3, 5.5, 0.88, 2.7, 1.1, 8.7, 4.9, 6, 1.8, 8.5, 
2.3, 3.5, 4, 6.1, 6.1, 6.2, 4.6, 1.9, 9.1, 3, 7.4, 6.2, 5, 6.8, 
9.7, 9.4, 1.9, 5, 0.42, 6.8, 2.6, 8.6, 6.1, 9.8, 4.7, 7.5, 2.8, 
7.9, 7.3, 10, 7.7, 7.6, 5.4, 5.8, 5.6, 9.5, 8.9, 3.2, 0.48, 0.031, 
2.7, 7.8), x2 = c(1.37, 0.566, 3.57, 5.96, 8.24, 8.37, 0.76, 
5.74, 6.77, 2.07, 6.79, 1.96, -0.74, 4.55, 6.99, 2.12, 0.962, 
1.81, 5.76, 2.47, 8.6, 0.714, -0.486, 2.25, 8.77, 0.0172, 7.2, 
7.86, 8.89, 0.342, 4.5, 6.03, 7.37, 5.22, 3.8, 3.92, 5.8, 3.66, 
7.3, 8.79, 5.35, 2.07, 0.896, 7.69, 3.2, -1.56, 8.86, 7.42, 4.09, 
1.4, 6.18, -0.0762, 8.14, 8.82, 1.37, 8.83, -1.49, 1.11, 1.04, 
8.45, -0.841, 8.91, 3.06, 4.82, 7.95, 1.98, 3.96, 8.12, 6.81, 
1.48, 2.44, 0.95, 1.85, 3.83, 4.81, 3.65, -1.55, 5.74, 5.45, 
7.08, 4.06, 3.8, 7.98, 1.66, 7.09, 1.49, 3, 3.46, -1.69, 8.75, 
3, 0.206, -1.87, -1.79, -0.491, 4.44, 1.24, 7.36, 1.46, -0.534
), x3 = c(13.2, 13.9, 6.2, 12.3, 13, 14.2, 14.4, 8.24, 12.2, 
13.9, 12.5, 11.7, 7.51, 11.8, 10.1, 10.8, 11.2, 15, 6.05, 10.9, 
13, 11.2, 7, 9.92, 13.8, 9.32, 9.52, 6.75, 12, 7.74, 14.2, 12.2, 
13.3, 11.3, 6.19, 14, 8.2, 11.4, 10.7, 14.7, 8.81, 7.19, 10.4, 
11.1, 11.1, 12.4, 10.1, 6.92, 13.3, 6.12, 14.2, 9.88, 12.4, 10.2, 
8.96, 11.5, 8.8, 7.19, 14, 14.1, 11.2, 10.5, 12.3, 6.06, 9.8, 
8.62, 13.6, 13.4, 8.64, 9, 8.68, 13.6, 6.07, 6.16, 6.78, 8.2, 
6.42, 8.01, 9.59, 6.16, 10.1, 7.41, 6.2, 10.9, 8.85, 13, 7.45, 
9.08, 13.7, 9.3, 9.97, 13, 10.1, 13.5, 11.6, 13.2, 12.7, 10.9, 
11.2, 9.89), y = c(8L, 4L, 2L, 0L, 0L, 0L, 9L, 0L, 0L, 1L, 0L, 
7L, 41L, 0L, 1L, 5L, 10L, 4L, 0L, 2L, 0L, 3L, 25L, 2L, 0L, 13L, 
0L, 0L, 0L, 10L, 0L, 0L, 1L, 0L, 1L, 0L, 0L, 0L, 0L, 0L, 0L, 
1L, 13L, 0L, 2L, 19L, 0L, 0L, 1L, 6L, 0L, 6L, 0L, 0L, 5L, 0L, 
18L, 10L, 6L, 0L, 20L, 0L, 2L, 0L, 0L, 2L, 2L, 0L, 0L, 5L, 3L, 
9L, 4L, 3L, 0L, 0L, 19L, 0L, 0L, 0L, 1L, 5L, 0L, 7L, 0L, 9L, 
2L, 4L, 78L, 0L, 1L, 11L, 47L, 124L, 33L, 1L, 1L, 0L, 5L, 36L
)), class = "data.frame", row.names = c(NA, -100L))
