structure(list(x1 = c(8, 7.9, 7.5, 2, 9.7, 2.4, 1, 4, 7.5, 8.9, 
6.8, 9.6, 5, 3.4, 8.2, 7.7, 3.5, 4, 5.1, 7.2, 2.9, 0.15, 2.1, 
7.5, 9.8, 3.7, 9.2, 0.026, 9.1, 4, 4.2, 0.2, 7.4, 8.1, 1.9, 9.1, 
9.3, 3.2, 4.7, 7.2, 0.59, 4.1, 4.7, 8.2, 10, 7.3, 4.3, 0.14, 
2.2, 1.1, 0.099, 1.9, 8.7, 8.1, 6, 4, 0.16, 3.8, 1.1, 7.1, 4.4, 
2.5, 1.2, 2.7, 9.5, 1.7, 3.1, 2.4, 2, 6.3, 8.9, 2.4, 8.9, 1.7, 
5.4, 7.9, 0.71, 0.13, 6.7, 6.5, 4, 9.2, 9.6, 8.7, 8.4, 4.6, 6.1, 
0.85, 6.3, 4.5, 6.1, 2.4, 7.1, 1.9, 2.6, 3.9, 9.2, 8.3, 1.1, 
2.4), x2 = c(0.343, 0.614, 1.43, 4.94, 3.22, 8.08, 4.72, 1.19, 
0.0159, 0.0806, 1.66, 3.35, -0.395, 3.41, 5.83, 1.32, 0.682, 
-1.05, 8.97, -1.05, 6.72, 2.69, 3.41, -0.625, -1.45, -1.03, 3.36, 
-1.58, -0.575, 3.21, 4.19, -0.0384, 7.31, 0.0767, 1.71, -1.33, 
5.51, 1.55, 0.524, -1.55, -0.762, 6.24, 6.56, -1.64, -1.6, 4.45, 
5.49, 8.05, 4.2, -0.257, 8.65, 1.37, 1.99, 6.64, -1.28, 1.43, 
7.41, 5.85, 8.13, -1.64, 0.852, -0.576, 6.6, 6.36, 5.66, 5.04, 
0.132, 5.2, 5.03, 5.13, 6.33, 5.52, 0.267, 2.53, 7.43, 4.88, 
3.39, 5.37, 3.03, 7.27, 2.02, 4.83, 0.129, 1.66, 4.24, 0.322, 
-0.15, 0.63, 2.92, 7.03, 7.7, -1.47, 4.31, 5.48, -1.18, 5.01, 
0.841, 6.36, 1.76, -0.935), x3 = c(15, 11.6, 7.76, 10.9, 6.63, 
11, 10.5, 9.01, 7.39, 11.9, 7.07, 10.9, 11.3, 8.16, 7.18, 13.4, 
11.6, 9.97, 8.7, 7.19, 9.82, 13, 14.8, 8.75, 13, 8.22, 7.81, 
11.6, 8.92, 8.22, 11.4, 14.7, 14.9, 6.85, 6.22, 7.68, 6.55, 10.7, 
12.9, 9.91, 6.7, 12.7, 12.7, 13, 11.5, 9.42, 14.1, 10, 10.1, 
13.8, 10.9, 11.3, 7.6, 14.4, 11.1, 12.4, 14.3, 6.26, 14.3, 7.05, 
14.4, 10.4, 8.32, 7.39, 12.5, 11, 10.2, 6.28, 9.66, 8.45, 11.3, 
6.75, 7.77, 6.31, 7.5, 8.31, 11.9, 13.7, 7.42, 11.9, 13.1, 9.33, 
8.57, 9.51, 12.4, 7.46, 13.8, 6.48, 10.6, 9.22, 13, 9.36, 10.6, 
7.53, 9.59, 8.15, 12.5, 12.5, 11.8, 11.7), y = c(17L, 14L, 8L, 
0L, 3L, 0L, 0L, 1L, 16L, 20L, 3L, 1L, 19L, 0L, 1L, 8L, 7L, 22L, 
0L, 47L, 0L, 1L, 0L, 32L, 103L, 28L, 3L, 13L, 47L, 1L, 0L, 3L, 
0L, 28L, 1L, 84L, 2L, 6L, 9L, 76L, 11L, 1L, 0L, 86L, 118L, 1L, 
0L, 0L, 0L, 4L, 0L, 1L, 6L, 1L, 50L, 5L, 0L, 1L, 0L, 80L, 5L, 
11L, 0L, 0L, 1L, 0L, 6L, 0L, 0L, 1L, 0L, 0L, 17L, 3L, 0L, 1L, 
0L, 0L, 3L, 0L, 4L, 1L, 34L, 8L, 0L, 13L, 19L, 0L, 1L, 0L, 0L, 
19L, 2L, 0L, 16L, 0L, 11L, 0L, 1L, 21L)), class = "data.frame", row.names = c(NA, 
-100L))
