structure(list(speed = c(4, 4, 7, 7, 8, 9, 10, 10, 10, 11, 11, 
12, 12, 12, 12, 13, 13, 13, 13, 14, 14, 14, 14, 15, 15, 15, 16, 
16, 17, 17, 17, 18, 18, 18, 18, 19, 19, 19, 20, 20, 20, 20, 20, 
22, 23, 24, 24, 24, 24, 25), dist = c(2.1, 9.9, 3.9, 22.05, 15.8, 
9.993, 17.9, 25.94, 33.92, 16.8, 28.2, 14.2, 20.2, 23.9, 27.97, 
25.8, 33.96, 33.91, 45.9, 25.93, 36.01, 60.04, 80.1, 19.8, 25.91, 
54.1, 31.9, 39.8, 32.0002, 39.8, 50.1, 41.8, 56.1, 76.02, 84.2, 
35.96, 46.09, 68.02, 31.92, 47.996, 51.9, 56.07, 64.2, 65.8, 
53.8, 70.1, 91.9, 93.01, 120.05, 85.1)), row.names = c(NA, -50L
), class = "data.frame")
