structure(list(x1 = c(7, 2, 2.9, 6.1, 1.2, 4.9, 2.5, 3.8, 3.4, 
0.38, 9.1, 8.3, 8.8, 2.6, 4.4, 1.3, 4.1, 3.2, 2.7, 3.6, 5.2, 
5.8, 7.1, 1, 3.3, 7.3, 2.4, 0.5, 5, 0.76, 7.1, 0.37, 7.6, 5.3, 
9.5, 4.3, 6.7, 5.3, 3.5, 4.9, 2.4, 6.4, 8, 1.3, 1.1, 7.5, 3.1, 
5.2, 6, 6.9, 1.2, 1.8, 0.64, 6.6, 7.4, 4.5, 5.1, 4.4, 8.4, 8.7, 
2, 10, 9.9, 3.3, 8.3, 2.1, 0.26, 3.1, 0.88, 0.9, 3.6, 1.5, 3.3, 
6.3, 0.5, 1.5, 9, 8.7, 4.4, 8.5, 0.4, 0.055, 4.7, 4.9, 1.3, 2.1, 
8.2, 0.27, 5.8, 9.4, 8.3, 6.5, 8.6, 4.1, 0.26, 9, 2.3, 9.1, 3.9, 
8.7), x2 = c(3.26, 7.22, 2.84, 3.06, 1.83, -0.766, 8.69, 0.165, 
-1.36, 7.67, 2.71, 1.91, 3.54, 7.26, 1.32, -1.47, -1.82, 5.65, 
8.2, -1.58, 5.45, 4.89, 0.276, 7.41, 0.26, -1.05, 2.17, 6.14, 
5.56, 2.74, -1.57, 3.79, -1.57, 2.33, 7.73, 1.61, -0.473, 4.94, 
2.99, 6.23, 2.27, 3.03, 7.02, -1.27, 3.31, 3.05, 6.82, 5.56, 
-1.17, 5.09, 0.284, 6, 5.21, 6.51, 8.78, 0.305, 7.06, 2.52, 6.49, 
-0.531, 4.48, 6.85, 7.98, 5.35, 3.35, 6.03, 7.24, 2.5, 6.5, -0.607, 
2.07, -1.78, 5.5, 7.89, 5.57, 7.74, -0.293, 3.42, 8.4, 0.095, 
5.55, 2.8, -1.11, 3.83, -1.45, 2.1, -1.01, 1.19, -0.627, 7.45, 
2.86, 4.24, 8.49, 4.64, 8.49, -1.19, 6.66, 8.81, 5.35, 2.58), 
    x3 = c(13.5, 9.98, 12.1, 14.3, 8.1, 12.1, 14.5, 10.8, 13.4, 
    6.35, 8.32, 11.9, 6.52, 9.93, 7.42, 8.75, 6.36, 13.7, 9.1, 
    10.5, 7.19, 6.8, 8.84, 13.8, 7.76, 9.65, 14.6, 10.9, 11.3, 
    9.22, 11.3, 13.8, 14.5, 13, 13.6, 12.1, 6.25, 11, 7.76, 8.43, 
    8.11, 9.83, 11.1, 11.4, 8.74, 8.87, 10, 12.3, 12, 7.28, 7.42, 
    13, 14.8, 12.5, 11.5, 11.8, 6.88, 9.36, 12.1, 12.6, 7.74, 
    11.6, 12.9, 11.4, 9.73, 13.7, 13.8, 6.38, 12.1, 7.18, 7.31, 
    11.8, 12.7, 14, 14.4, 6.65, 8.67, 10.5, 12, 11.7, 6.94, 6.55, 
    11.8, 13.3, 10.5, 13.2, 6.48, 11.1, 6.02, 10.2, 9.09, 13.8, 
    10.5, 7.36, 8.9, 8.69, 7.36, 6.07, 10.8, 8.4), y = c(1L, 
    0L, 1L, 0L, 0L, 17L, 0L, 7L, 25L, 0L, 1L, 6L, 1L, 0L, 3L, 
    23L, 53L, 0L, 0L, 32L, 0L, 0L, 22L, 0L, 13L, 37L, 0L, 0L, 
    0L, 2L, 68L, 0L, 77L, 1L, 0L, 3L, 32L, 0L, 1L, 0L, 1L, 2L, 
    1L, 16L, 1L, 3L, 0L, 0L, 34L, 1L, 8L, 0L, 0L, 1L, 0L, 6L, 
    0L, 0L, 0L, 52L, 0L, 0L, 0L, 0L, 0L, 0L, 0L, 2L, 0L, 6L, 
    0L, 32L, 0L, 0L, 0L, 0L, 40L, 0L, 0L, 26L, 0L, 2L, 31L, 1L, 
    20L, 1L, 45L, 1L, 24L, 0L, 2L, 0L, 0L, 0L, 0L, 77L, 0L, 0L, 
    0L, 5L)), class = "data.frame", row.names = c(NA, -100L))
