structure(list(speed = c(4, 4, 7, 7, 8, 9, 10, 10, 10, 11, 11, 
12, 12, 12, 12, 13, 13, 13, 13, 14, 14, 14, 14, 15, 15, 15, 16, 
16, 17, 17, 17, 18, 18, 18, 18, 19, 19, 19, 20, 20, 20, 20, 20, 
22, 23, 24, 24, 24, 24, 25), dist = c(2.2, 9.997, 3.8, 21.8, 
16.1, 10.009, 18.02, 25.97, 34.2, 16.93, 28.04, 13.95, 20.2, 
23.8, 28.2, 26.2, 34.01, 33.9, 45.93, 26.03, 36.09, 59.9, 80.02, 
19.92, 26.05, 54.04, 31.999, 39.9, 31.9, 39.8, 50.1, 41.9, 55.93, 
75.93, 84.1, 35.8, 45.96, 68.2, 31.9, 47.8, 51.8, 55.995, 63.98, 
66.05, 54.2, 70.007, 92.2, 93.05, 120.1, 84.8)), row.names = c(NA, 
-50L), class = "data.frame")
