structure(list(speed = c(4, 4, 7, 7, 8, 9, 10, 10, 10, 11, 11, 
12, 12, 12, 12, 13, 13, 13, 13, 14, 14, 14, 14, 15, 15, 15, 16, 
16, 17, 17, 17, 18, 18, 18, 18, 19, 19, 19, 20, 20, 20, 20, 20, 
22, 23, 24, 24, 24, 24, 25), dist = c(1.8, 9.93, 3.9, 21.9, 15.97, 
9.95, 18.2, 25.9, 34.2, 17.2, 28.02, 14.04, 19.8, 23.92, 27.8, 
25.9, 34.2, 34.03, 46.07, 25.8, 36.05, 59.9, 80.06, 19.9, 26.08, 
53.8, 32.1, 40.2, 31.91, 39.9994, 49.8, 42.2, 55.95, 76.1, 84.03, 
35.9, 46.2, 67.8, 31.9, 48.2, 51.8, 56.1, 63.9, 65.92, 54.2, 
69.96, 91.92, 92.99, 119.8, 85.03)), row.names = c(NA, -50L), class = "data.frame")
