structure(list(x1 = c(1, 3.6, 2.9, 2.1, 4.4, 4.1, 8.6, 2.3, 9.5, 
8.5, 5.5, 5.7, 0.87, 3.3, 0.9, 2.4, 8.6, 5.6, 6.4, 1.1, 6.1, 
2.4, 6.3, 2.2, 6.5, 0.49, 7.1, 8.6, 3.2, 5, 1.9, 8.1, 4, 7.9, 
5.6, 2.9, 10, 0.061, 2.1, 8.3, 1.2, 7.8, 2.3, 3.4, 8.8, 4.2, 
3.5, 4.7, 1.5, 5.5, 1.5, 6.1, 9.8, 1.3, 8.5, 8.2, 9.9, 1.4, 3.3, 
7.2, 5.9, 9.9, 7.9, 0.6, 0.68, 5.2, 9.6, 6.8, 6.7, 1.8, 3.6, 
3.7, 2.9, 7.7, 2.2, 7.3, 9.7, 4.8, 8.8, 7.8, 1.2, 5.5, 1.3, 1.2, 
9.6, 7.6, 5.9, 8.7, 6.8, 2.8, 1.5, 5.8, 6.2, 2.6, 1.6, 1.8, 5.2, 
1.7, 5.4, 6.5), x2 = c(6, 8.12, 1.13, 0.586, -0.329, -1.96, 2.05, 
-0.346, 4.85, 5.42, -1.92, 0.0418, 4.18, 3.34, -1.58, 7.85, 2.55, 
6.86, -1.38, -0.814, 5.92, 3.21, 0.104, 3.87, 0.0446, 1.64, -1.32, 
7.63, 1.22, 4.32, 0.395, -1.62, 1.61, 4.69, 2.87, 4.64, 8.3, 
3.42, 4, 5.35, 3.02, -1.17, 8.57, 8.79, 3.54, 4.92, 2.19, 4.51, 
1.92, 2.09, 5.12, 7.34, 2.39, 0.669, -0.0453, 2.35, -1.05, -1.42, 
1.39, 5.75, 8.62, 4.36, 6.07, 5.45, 1.12, 6.06, 4.6, 4.94, 3.61, 
8.94, 0.309, 8.36, 0.971, 4.28, 1.78, -0.436, -0.866, 8.46, 5.4, 
1.31, 5.63, 3.46, 5.1, 2.07, -1.53, 8.63, 7.21, 3.67, 7.33, 7.56, 
-0.0797, -1.62, 4.33, 7.86, -0.463, -0.265, -1.01, 5.35, -0.817, 
-1.2), x3 = c(9.88, 6.36, 7.74, 13.4, 12.6, 13.6, 6.31, 8.69, 
14.3, 10.5, 9.71, 7.47, 11.4, 13.4, 10.8, 6.46, 12, 11.7, 9.08, 
14.6, 9.69, 7.3, 13, 11.8, 11.6, 8.77, 11.5, 12.2, 12.2, 9.35, 
14.7, 7.56, 11.1, 7.66, 6.76, 14.3, 11, 13.9, 6.39, 10.3, 7.49, 
11.2, 12.9, 9.95, 7.28, 10.9, 10, 10.1, 11, 10.3, 10.4, 12.1, 
8.61, 14, 12.1, 7.84, 7.28, 8.15, 11.5, 7.96, 7.72, 7.99, 10.5, 
12.7, 6.85, 11.6, 11.4, 13.3, 12.9, 12.4, 9.47, 9.44, 8.98, 13.7, 
8.81, 9.76, 12.7, 7.53, 8.86, 8.63, 8.74, 10.7, 12.2, 11.1, 12.1, 
12.2, 14.7, 12, 10.4, 11.4, 10.1, 10.8, 12, 9.17, 14, 9, 14.2, 
11.3, 11.1, 11), y = c(0L, 0L, 3L, 5L, 15L, 40L, 8L, 8L, 1L, 
0L, 74L, 14L, 1L, 0L, 21L, 0L, 0L, 0L, 46L, 10L, 0L, 0L, 10L, 
1L, 15L, 1L, 42L, 0L, 5L, 0L, 1L, 92L, 7L, 1L, 1L, 0L, 0L, 0L, 
0L, 0L, 0L, 57L, 0L, 0L, 2L, 0L, 2L, 0L, 1L, 3L, 1L, 0L, 5L, 
3L, 27L, 3L, 63L, 15L, 3L, 0L, 0L, 0L, 0L, 1L, 1L, 0L, 0L, 0L, 
1L, 0L, 3L, 0L, 3L, 2L, 3L, 27L, 59L, 0L, 1L, 6L, 1L, 2L, 0L, 
0L, 105L, 0L, 0L, 1L, 0L, 0L, 5L, 60L, 1L, 0L, 4L, 9L, 28L, 0L, 
34L, 55L)), class = "data.frame", row.names = c(NA, -100L))
