structure(list(x1 = c(8.7, 4.9, 0.21, 1.9, 7.7, 5.2, 5.5, 4.4, 
9.2, 3.6, 5.7, 3.9, 9.9, 0.38, 8.5, 9.9, 5.2, 2.5, 3.6, 5.6, 
6.7, 2.9, 5.4, 3.3, 6.1, 5.9, 5, 2.5, 2.3, 1.3, 7.8, 2.5, 3.5, 
3.5, 7.2, 1.6, 4.1, 8.1, 2.4, 1.4, 0.97, 4.9, 4.7, 5.9, 8.7, 
5.1, 8.5, 5.9, 7.5, 0.83, 0.74, 9.6, 8.3, 8.8, 4.2, 7.8, 7.2, 
6.5, 1.6, 6.3, 9.5, 3.9, 7.5, 5.6, 9.7, 1.8, 9.3, 3, 3.5, 0.93, 
2.3, 1.7, 4.3, 2.1, 2.2, 7.6, 7.2, 0.82, 6, 3.2, 4.8, 4.4, 7.6, 
9.5, 6.3, 5.4, 4.4, 9.4, 0.43, 7.7, 2.3, 9.6, 6.1, 9, 8.4, 0.59, 
0.76, 4.9, 1.9, 7.6), x2 = c(8.47, 3.66, 3.65, 1.73, 5.87, 5.89, 
4.03, 3.27, 3.26, 0.261, 5.15, 6.72, 4.75, 0.0452, 0.0126, 3.18, 
2.52, -1.29, -0.701, 3.19, -1.29, 1.95, 2.19, 6.22, -0.375, 8.93, 
2.24, 8.07, 3.67, 1.98, 6.5, 3.05, 7.27, 1.36, 0.337, -1.66, 
2.8, 7.61, -0.855, 1.87, 7.39, 8.54, 0.0817, 1.75, 7.68, 3.62, 
2.96, 0.0119, 2.29, -0.653, 2.47, 3.31, 5.92, 6.31, 8.69, 1.11, 
-0.903, 4.8, 0.64, 0.0692, 1.13, 4.36, 4.62, 4.95, 1.24, 0.819, 
6.61, 6.46, -1.76, 7.84, 7.11, 7.83, 3.65, 5.93, 4.62, 1.12, 
5.71, 7.35, -0.739, 1.15, 3.36, 6.87, 2.42, 1.46, 0.00101, 0.708, 
8.21, -1.36, 3.86, 3.43, 0.265, 4.23, -1.96, 2.09, -1.01, 0.662, 
2.01, 1.15, 2.24, -1.32), x3 = c(14.5, 13.6, 10, 9.02, 6.55, 
12.4, 14.7, 6.97, 11.4, 12.6, 11.3, 13, 12.5, 7.95, 6.78, 14.4, 
11.6, 9.15, 8.17, 11.6, 7.2, 8.54, 9.93, 8.6, 8.14, 12.5, 7.76, 
13.5, 11.1, 10.6, 13.3, 14.3, 9.28, 11, 10.5, 9.55, 13.7, 13.1, 
13.4, 11.4, 10.3, 6.09, 9.66, 7.84, 12.1, 14.8, 14.5, 14.9, 9.22, 
14.2, 8.68, 13.4, 9.35, 11.3, 8.52, 13.3, 12.3, 13.2, 8.03, 6.84, 
13.1, 13.2, 8.22, 13, 13.1, 12, 12.7, 13.7, 13.1, 10.9, 14.5, 
8.19, 8.53, 13.8, 7.26, 6.52, 8.16, 14.4, 10.6, 6.73, 8.2, 10, 
10.8, 14.8, 7.48, 12.9, 9.79, 12.2, 13.9, 6.73, 9.19, 6.06, 9.28, 
9.23, 6.14, 14, 6.54, 9.22, 7.36, 12.4), y = c(0L, 0L, 2L, 2L, 
1L, 0L, 0L, 0L, 1L, 7L, 0L, 0L, 0L, 2L, 23L, 2L, 1L, 22L, 14L, 
0L, 44L, 1L, 2L, 0L, 23L, 0L, 1L, 0L, 1L, 1L, 0L, 0L, 0L, 2L, 
11L, 24L, 2L, 0L, 10L, 3L, 0L, 0L, 7L, 4L, 0L, 2L, 1L, 14L, 3L, 
8L, 0L, 0L, 0L, 0L, 0L, 12L, 33L, 0L, 5L, 12L, 10L, 0L, 0L, 0L, 
20L, 6L, 0L, 0L, 36L, 0L, 0L, 0L, 2L, 0L, 0L, 6L, 0L, 0L, 33L, 
2L, 0L, 0L, 1L, 6L, 14L, 7L, 0L, 85L, 0L, 1L, 5L, 2L, 72L, 6L, 
51L, 1L, 1L, 3L, 0L, 47L)), class = "data.frame", row.names = c(NA, 
-100L))
