structure(list(x1 = c(9, 5.9, 0.41, 6.9, 3.4, 0.96, 0.65, 9.6, 
5.4, 3.3, 9.4, 8.7, 2.5, 2.5, 6.1, 3.4, 4.6, 3.5, 7.2, 6.2, 4.6, 
7.1, 9.8, 8.5, 1.8, 7.5, 5.6, 9.1, 5.3, 3.1, 7.1, 2.9, 3.9, 6.8, 
9.4, 1.7, 3.4, 9.4, 9.3, 2.3, 8.8, 3.5, 8.8, 3.1, 0.42, 5.3, 
0.4, 5.8, 1.5, 8.7, 4.2, 2.5, 2.1, 1.3, 8.5, 9.6, 6.3, 2.6, 8.6, 
7.2, 8.1, 8.3, 4.4, 3, 6.9, 1.7, 7.3, 3.8, 9.6, 0.057, 2.7, 3.3, 
5.5, 6.9, 4.9, 9.6, 2.4, 4.4, 6.4, 2.2, 8.8, 0.99, 7.7, 4.5, 
1.5, 6.5, 7.7, 8.9, 2.1, 9.5, 7.4, 5.5, 8.8, 9.5, 8.9, 8.8, 9.8, 
3.4, 4, 5), x2 = c(6.32, 1.64, 6.84, 7.43, -0.843, 3.25, -0.561, 
1.97, 2.5, 2.03, 1.89, 1.88, 1.59, 3.65, 0.632, -0.239, 7.48, 
3.35, 8.84, -1.52, -0.215, 3.4, 4.58, 1.06, 6.28, 2.3, 1.55, 
0.967, 7.94, 8.68, 5.71, 4.43, 2.26, 1.2, 4.18, 0.988, 4.43, 
-1, 3.83, 6.24, 2.73, 8.44, -0.777, 0.1, -1.14, -0.468, 1.54, 
-1.82, 7.6, 8.33, 3.15, 6.46, 8.11, 5.43, 2.13, 4.76, 0.711, 
-0.277, 2.36, 7.19, 7.47, 6.59, 8.14, 7.7, -1.45, 0.367, -1.79, 
4.04, -0.017, 3.4, 5.03, 0.0727, 3.91, 8.2, 7.37, 5.46, -1.14, 
1.25, 6.98, 7.66, 8.41, 3.03, -1.47, 3.43, 6.78, -1.46, 4.27, 
0.905, 8.81, -0.546, -0.383, 7.03, 1.78, 7.31, 3.95, 7.37, 8.16, 
5.44, 1.47, -1.89), x3 = c(7.08, 10.7, 6.06, 12.2, 9.51, 12.4, 
8.33, 12.1, 14.8, 12.1, 10.1, 11, 9.92, 6.6, 13.7, 7.85, 9.56, 
10.3, 7.64, 9.37, 14.1, 10.3, 13.4, 6.74, 7.28, 7.91, 15, 8.15, 
14.2, 14.9, 6.41, 8.13, 14.1, 12.2, 8.5, 6.51, 13.7, 7.84, 13.3, 
7.7, 14.1, 7.45, 8.62, 9.96, 13.1, 8.73, 8.55, 7.65, 14, 7.66, 
14.8, 13.2, 12.5, 9.14, 8.09, 9.62, 10.1, 10.7, 12.4, 10.6, 6.17, 
8.78, 7.23, 11.8, 10.7, 6.49, 7.61, 10.2, 9.71, 8.1, 14.6, 9.47, 
9.72, 10, 8.77, 6.8, 8.72, 14.5, 8.73, 12.6, 11.3, 10.3, 9.23, 
14.8, 14.5, 13.4, 11.3, 10.4, 7.88, 9.46, 13.5, 13, 12.9, 9.8, 
12.7, 13.8, 7.12, 11.5, 10.7, 13.2), y = c(0L, 4L, 0L, 0L, 14L, 
0L, 4L, 8L, 3L, 1L, 4L, 2L, 1L, 1L, 4L, 8L, 0L, 0L, 0L, 60L, 
12L, 0L, 0L, 10L, 0L, 4L, 1L, 6L, 1L, 0L, 1L, 0L, 0L, 6L, 0L, 
0L, 3L, 73L, 3L, 0L, 0L, 0L, 48L, 5L, 13L, 19L, 3L, 72L, 0L, 
0L, 1L, 0L, 0L, 0L, 2L, 3L, 11L, 15L, 3L, 0L, 0L, 0L, 0L, 0L, 
57L, 7L, 83L, 0L, 26L, 1L, 0L, 9L, 0L, 0L, 0L, 1L, 20L, 3L, 1L, 
0L, 0L, 2L, 67L, 0L, 0L, 53L, 1L, 7L, 0L, 46L, 36L, 0L, 4L, 0L, 
0L, 0L, 0L, 0L, 4L, 49L)), class = "data.frame", row.names = c(NA, 
-100L))
