structure(list(speed = c(4, 4, 7, 7, 8, 9, 10, 10, 10, 11, 11, 
12, 12, 12, 12, 13, 13, 13, 13, 14, 14, 14, 14, 15, 15, 15, 16, 
16, 17, 17, 17, 18, 18, 18, 18, 19, 19, 19, 20, 20, 20, 20, 20, 
22, 23, 24, 24, 24, 24, 25), dist = c(2.2, 10.05, 3.8, 22.1, 
15.92, 9.8, 17.8, 26.2, 34.02, 16.91, 28.2, 14.2, 19.9, 23.9, 
28.05, 25.92, 33.98, 33.92, 46.1, 26.06, 35.98, 60.1, 80.2, 20.2, 
25.8, 54.1, 32.03, 40.2, 32.02, 39.9, 50.1, 41.9, 55.94, 76.09, 
84.2, 35.8, 45.92, 68.2, 32.2, 47.9, 52.2, 55.92, 64.2, 65.91, 
53.8, 70.01, 91.8, 93.04, 119.8, 85.2)), row.names = c(NA, -50L
), class = "data.frame")
