structure(list(speed = c(4, 4, 7, 7, 8, 9, 10, 10, 10, 11, 11, 
12, 12, 12, 12, 13, 13, 13, 13, 14, 14, 14, 14, 15, 15, 15, 16, 
16, 17, 17, 17, 18, 18, 18, 18, 19, 19, 19, 20, 20, 20, 20, 20, 
22, 23, 24, 24, 24, 24, 25), dist = c(2.08, 10.1, 3.97, 21.92, 
15.8, 9.9, 18.2, 26.2, 33.9, 16.99, 28.2, 13.9, 20.2, 24.1, 27.9, 
25.91, 34.1, 33.8, 45.94, 25.98, 36.2, 60.09, 79.95, 19.9, 26.1, 
54.2, 32.2, 39.8, 31.98, 39.94, 50.006, 41.8, 55.9, 75.8, 83.9, 
36.2, 45.8, 68.2, 31.93, 48.07, 52.05, 55.95, 64.1, 66.2, 54.1, 
70.08, 91.9, 92.9, 120.06, 84.9)), row.names = c(NA, -50L), class = "data.frame")
