structure(list(x1 = c(6.5, 7.5, 4.5, 3.3, 1.3, 2.6, 8.7, 8.8, 
2.9, 4.7, 9.9, 2, 9.1, 7.4, 2.8, 3.2, 7.8, 1.3, 3.9, 4.5, 9.8, 
6.7, 4.1, 2.7, 7.5, 8.3, 9, 0.034, 4.7, 3.9, 5.1, 0.42, 3.1, 
1.3, 2.9, 9.2, 0.24, 9.8, 3.7, 6.5, 6, 4.1, 7.6, 9.3, 7.8, 6.7, 
2.3, 2.8, 6.3, 2.1, 1.6, 9.3, 8.3, 7.6, 0.2, 8.2, 2.6, 0.67, 
5.3, 1.2, 9.3, 1.9, 1.9, 1.8, 4.1, 6.4, 8.2, 3.3, 1.2, 9.9, 8.8, 
5.5, 2.6, 7.8, 0.47, 1.4, 2.1, 5.8, 5.5, 9.3, 3.9, 9.6, 1, 8.9, 
1.1, 3.7, 9.1, 3.8, 9.1, 9.3, 9.6, 9.7, 2.8, 0.019, 5.6, 0.066, 
1.1, 0.29, 3.7, 6.1), x2 = c(6.73, 0.175, -0.994, 3.3, 5.15, 
7.86, 2.81, 2.14, 2.22, -1.9, 2.91, 1.27, 0.248, 8.79, 0.011, 
2.89, 5.85, 7.32, -0.312, 6.78, 5.85, 4.37, 1.31, -1.55, 7.69, 
1.28, 2.92, 3.51, 3.94, 5.83, 0.361, 4.47, 8.34, 7.16, 8.31, 
4.73, 7.77, 5.51, -1.87, 1.22, 0.943, 0.0572, 0.71, 2.98, -0.625, 
2.58, -1.41, 1.84, 5.71, 3.47, 0.789, -0.542, 3.96, 5.77, 7.01, 
7.38, 2.82, 8.87, 4.6, 8.85, -1.71, -1.95, 6.09, 2.81, -0.000961, 
0.998, 2.5, 6.9, 5.96, 2.81, 6.01, 8.01, 4.82, 6.41, 0.236, 5.85, 
0.788, 6.98, -1.61, 5.2, 8.85, 5.63, 1.23, 2.81, 8.13, 0.276, 
6.72, -0.402, 0.81, 6.22, 8.61, -1.39, 6.45, 1.63, 2.84, -1.46, 
-0.285, 1.5, -0.238, 2.51), x3 = c(8.61, 14, 10.2, 9.48, 13.1, 
9.36, 9.18, 10.4, 10.1, 10.8, 9.65, 9.14, 8.99, 13.5, 14.9, 7.59, 
9.45, 9.33, 7.84, 9.79, 6.32, 11.6, 7.86, 14.7, 8.65, 9.55, 9.94, 
12.2, 12.3, 13.6, 11.9, 13.6, 7.62, 13.4, 6.54, 11.9, 11.6, 13.8, 
13.5, 13.2, 9.35, 9.73, 8.06, 11, 14.4, 13.2, 12.4, 12.2, 9.77, 
7.17, 7.44, 10.5, 10.5, 13.5, 10.2, 14.3, 13, 12.4, 8.97, 10.8, 
7.22, 7.69, 13.1, 11.5, 13.8, 8.33, 11.1, 7.53, 8.14, 12.6, 12.4, 
9.23, 6.62, 12, 13, 11.1, 11.3, 10.8, 12.1, 14.6, 13.6, 8.2, 
9.85, 6.29, 13.1, 8.54, 10.7, 12.6, 7.86, 9.42, 8.92, 9.16, 12.8, 
10.8, 8.46, 10.2, 13.7, 7.15, 14.4, 11.7), y = c(0L, 11L, 17L, 
0L, 1L, 0L, 3L, 3L, 3L, 53L, 3L, 3L, 26L, 0L, 6L, 1L, 0L, 0L, 
9L, 0L, 1L, 1L, 3L, 24L, 1L, 10L, 2L, 0L, 1L, 2L, 5L, 0L, 0L, 
0L, 0L, 0L, 0L, 0L, 42L, 9L, 7L, 7L, 11L, 3L, 35L, 5L, 23L, 0L, 
0L, 0L, 1L, 38L, 2L, 0L, 0L, 1L, 0L, 0L, 2L, 0L, 116L, 35L, 0L, 
2L, 12L, 4L, 5L, 0L, 0L, 3L, 0L, 0L, 0L, 0L, 5L, 0L, 5L, 0L, 
48L, 1L, 0L, 0L, 5L, 1L, 0L, 7L, 0L, 9L, 13L, 0L, 0L, 97L, 0L, 
0L, 0L, 15L, 8L, 4L, 9L, 2L)), class = "data.frame", row.names = c(NA, 
-100L))
