structure(list(speed = c(4, 4, 7, 7, 8, 9, 10, 10, 10, 11, 11, 
12, 12, 12, 12, 13, 13, 13, 13, 14, 14, 14, 14, 15, 15, 15, 16, 
16, 17, 17, 17, 18, 18, 18, 18, 19, 19, 19, 20, 20, 20, 20, 20, 
22, 23, 24, 24, 24, 24, 25), dist = c(2.1, 9.8, 4.001, 21.94, 
15.8, 10.005, 17.8, 26.2, 33.91, 17.2, 28.1, 14.05, 19.91, 23.8, 
27.92, 25.8, 34.2, 34.2, 46.02, 25.8, 36.2, 59.8, 79.8, 20.06, 
26.1, 54.08, 32.1, 39.99, 32.2, 39.91, 49.98, 41.8, 56.08, 75.8, 
83.8, 35.9, 45.8, 67.92, 31.8, 47.8, 52.09, 55.9, 64.08, 65.8, 
54.07, 69.8, 92.06, 92.99, 120.09, 85.1)), row.names = c(NA, 
-50L), class = "data.frame")
