structure(list(speed = c(4, 4, 7, 7, 8, 9, 10, 10, 10, 11, 11, 
12, 12, 12, 12, 13, 13, 13, 13, 14, 14, 14, 14, 15, 15, 15, 16, 
16, 17, 17, 17, 18, 18, 18, 18, 19, 19, 19, 20, 20, 20, 20, 20, 
22, 23, 24, 24, 24, 24, 25), dist = c(1.994, 9.8, 4.1, 21.8, 
16.2, 10.05, 17.9, 25.8, 34.2, 17.1, 27.9, 13.9992, 19.95, 23.8, 
27.8, 26.2, 33.9, 34.1, 46.2, 26.08, 35.97, 60.07, 79.9, 20.04, 
25.8, 54.002, 32.06, 39.8, 31.9, 39.96, 50.05, 42.1, 56.2, 76.2, 
83.95, 36.05, 45.98, 68.01, 31.9, 47.9, 51.9, 56.03, 63.8, 66.2, 
54.06, 70.03, 92.07, 93.06, 120.009, 84.993)), row.names = c(NA, 
-50L), class = "data.frame")
