structure(list(x1 = c(7.7, 1.8, 5, 3.9, 0.098, 5.1, 0.7, 9.3, 
3.2, 9.5, 7.9, 6.1, 3.3, 0.21, 3.3, 0.91, 10, 9.8, 5.5, 0.16, 
9.9, 1.3, 0.04, 6.2, 7.6, 6.6, 7.8, 4.7, 8.1, 3.3, 4.6, 0.42, 
6.6, 0.42, 0.11, 2.5, 0.84, 3.5, 1.4, 0.82, 6.8, 3.1, 6.6, 0.71, 
6.4, 0.64, 6.3, 4.7, 6.8, 7.6, 8.8, 1.3, 6.2, 1.2, 5.3, 7, 3.1, 
8.3, 4.1, 1.4, 0.17, 5.4, 4.2, 5.6, 3.3, 8.7, 4.9, 5.4, 3.9, 
3.8, 9.5, 7.1, 6.4, 0.9, 8.9, 5.1, 6.1, 4.3, 2.6, 7.9, 8.2, 9.7, 
2.8, 3.6, 1.5, 8.5, 9.4, 0.29, 5.8, 6.2, 5, 4.7, 4.1, 2.5, 9.1, 
4.8, 1.8, 6.6, 1.9, 3.2), x2 = c(1.36, 8.11, 2.47, 1.05, -1.38, 
8.53, 8.55, 3, 4.08, 1.25, 4.03, 3.83, 4.29, 2.79, -0.741, 1.89, 
7.27, 2.94, 3.94, 3.26, 1.55, 8.4, -1.97, 1.81, 1.45, 3.98, 1.6, 
-1.04, 4.36, 2.14, 0.575, 4.64, 4.26, -1.68, 2.04, -0.628, 5, 
4.77, 5.96, -0.861, 6.75, 8.95, -1.29, -1.19, 0.0527, 2.99, -1.84, 
1.55, 2.17, 6.83, 5.19, 2.24, 6.57, -1.45, 0.202, 3.41, 7.3, 
-1.69, 6.92, 7.37, 3.22, 4.79, 7.47, 4.77, 4.47, -0.983, 4.73, 
6.34, -1.99, 5.55, -1.92, 7.25, 6.53, 2.99, 5.04, 0.906, 3.8, 
3.81, 3.18, 1.79, 1.97, 1.46, 4.75, 4.52, 4.56, -1.81, 7.04, 
8.87, 2.8, 3.12, 7.33, 8.33, 2.85, -0.0105, 3.61, 8.45, 7.64, 
4.87, 0.209, -0.385), x3 = c(13.9, 9.01, 13.3, 13.1, 11, 11.5, 
14.2, 12.3, 9.65, 8.1, 10.9, 7.39, 7.99, 11.3, 9, 10.4, 8.84, 
8.31, 11.9, 10.5, 11.7, 13, 11.3, 8.58, 10.7, 14.5, 14.5, 12.6, 
13.3, 12.7, 8.53, 11.2, 6.12, 6.8, 8.37, 14.1, 9.57, 12, 7.47, 
7.92, 13.3, 7.29, 13.9, 12.2, 7.44, 9.81, 11.1, 6.43, 13.8, 13.4, 
10.6, 9.55, 11.3, 6.54, 10.6, 13.2, 9.99, 14.3, 12.2, 14.8, 6.85, 
11.8, 9.53, 7.08, 6.07, 11, 8.29, 14.8, 14, 11.9, 9.26, 6.16, 
14, 12, 14.4, 13.6, 13.8, 9.65, 9.52, 10.2, 7.7, 6.92, 14.3, 
9.41, 12.9, 12.8, 14.6, 14.3, 6.35, 6.45, 11.5, 6.33, 6.35, 13.2, 
8.77, 7.01, 14.9, 14.8, 10.7, 9.87), y = c(10L, 0L, 4L, 7L, 12L, 
0L, 0L, 3L, 0L, 11L, 1L, 1L, 0L, 0L, 17L, 0L, 0L, 4L, 0L, 0L, 
9L, 0L, 17L, 6L, 6L, 1L, 8L, 23L, 0L, 1L, 12L, 0L, 1L, 17L, 0L, 
16L, 0L, 0L, 0L, 6L, 0L, 0L, 49L, 13L, 10L, 0L, 65L, 1L, 3L, 
0L, 1L, 2L, 0L, 15L, 10L, 1L, 0L, 86L, 0L, 0L, 0L, 0L, 1L, 1L, 
2L, 54L, 0L, 0L, 58L, 0L, 131L, 0L, 0L, 0L, 0L, 10L, 0L, 1L, 
1L, 8L, 5L, 12L, 0L, 1L, 0L, 117L, 0L, 0L, 1L, 3L, 0L, 0L, 1L, 
3L, 1L, 0L, 0L, 0L, 5L, 11L)), class = "data.frame", row.names = c(NA, 
-100L))
