structure(list(speed = c(4, 4, 7, 7, 8, 9, 10, 10, 10, 11, 11, 
12, 12, 12, 12, 13, 13, 13, 13, 14, 14, 14, 14, 15, 15, 15, 16, 
16, 17, 17, 17, 18, 18, 18, 18, 19, 19, 19, 20, 20, 20, 20, 20, 
22, 23, 24, 24, 24, 24, 25), dist = c(2.2, 9.93, 3.9, 22.02, 
15.98, 9.92, 17.91, 26.2, 33.93, 17.003, 27.9, 13.995, 19.8, 
24.2, 27.97, 26.1, 34.04, 34.2, 45.9, 26.1, 35.9, 59.8, 79.97, 
20.1, 26.06, 54.08, 31.92, 39.92, 31.8, 40.2, 50.1, 41.98, 56.08, 
76.1, 83.97, 36.09, 46.2, 68.01, 31.8, 48.1, 52.2, 55.9, 63.8, 
66.1, 54.1, 70.06, 92.2, 93.2, 120.2, 85.1)), row.names = c(NA, 
-50L), class = "data.frame")
