structure(list(speed = c(4, 4, 7, 7, 8, 9, 10, 10, 10, 11, 11, 
12, 12, 12, 12, 13, 13, 13, 13, 14, 14, 14, 14, 15, 15, 15, 16, 
16, 17, 17, 17, 18, 18, 18, 18, 19, 19, 19, 20, 20, 20, 20, 20, 
22, 23, 24, 24, 24, 24, 25), dist = c(2.2, 9.8, 3.8, 22.2, 16.2, 
9.92, 18.2, 26.04, 33.98, 16.8, 28.04, 13.8, 19.98, 23.8, 27.9, 
25.8, 34.02, 34.06, 46.1, 26.1, 36.03, 60.09, 79.9, 20.1, 26.0005, 
54.03, 31.98, 39.9, 31.8, 40.08, 49.8, 41.97, 55.8, 76.08, 83.9, 
35.8, 45.92, 68.06, 31.8, 47.8, 52.06, 55.9, 63.8, 66.2, 54.03, 
69.9, 91.95, 92.8, 119.96, 85.2)), row.names = c(NA, -50L), class = "data.frame")
