structure(list(x1 = c(6.1, 5.7, 7.6, 0.084, 5, 8.3, 5, 2, 6.1, 
2.1, 4.5, 1.8, 7, 5.6, 5.2, 5.7, 1.5, 5.8, 6.4, 4.4, 7.3, 1.3, 
0.047, 3.9, 5.7, 2.9, 7, 9, 0.59, 4.5, 0.46, 3.8, 3.4, 0.34, 
9.1, 0.59, 5.7, 4.5, 2.7, 5.3, 8.7, 0.024, 2.5, 4.9, 8.9, 2.4, 
9.4, 1.8, 4.2, 8.3, 0.67, 5.1, 2.9, 8.9, 5.8, 0.6, 1.5, 4.9, 
1.9, 4, 3.2, 2, 8.7, 2.2, 0.53, 2, 2.7, 8.4, 8.8, 7.3, 2.3, 1.5, 
6, 2.9, 0.82, 7.8, 3.3, 6.1, 3.3, 6.7, 2.6, 8.8, 5.5, 0.97, 2.3, 
6.2, 5.9, 0.11, 6.3, 2, 9.8, 5.8, 5.7, 3.4, 4.5, 8.9, 0.66, 6.8, 
6, 7.4), x2 = c(4.17, 5.49, 2.55, 3.39, 1.09, -0.487, 5.09, 3.63, 
0.646, 4.44, 4.82, 3.37, 0.84, 3.64, 7.8, -0.631, 3.69, 4.35, 
4.51, -0.143, 0.667, 4.5, 5.02, -1.07, 6.26, 4.29, 7.9, 4.63, 
7.38, -1.45, 7.65, 3.9, -0.346, 5.56, 6.29, 2.09, 3.89, 0.46, 
8.18, 7.32, 8.44, -1.5, 1.91, 6.23, 7.05, 5.18, 8.48, -0.728, 
0.614, -0.0126, -1.92, 8.02, 8.34, 0.289, 7.54, -1.1, 7.09, 1.75, 
-0.298, 5.98, -1.49, 1.93, -1.57, 8.45, -1.71, 5.27, 6.47, 3.08, 
4.92, 3.02, -0.259, 7.4, 5.87, 5.62, 1.51, -0.424, 1.45, -0.418, 
-1.74, 1.63, 4.51, 3.44, 3.09, 2.17, 4.75, 7.29, 4.66, 6.8, 4.66, 
8.12, 5.08, 7.43, 8.86, 6.79, 8.69, -0.43, 7.08, 2.78, 1.82, 
4.32), x3 = c(13.1, 12.5, 11.6, 10, 13.5, 12.3, 6.07, 12.1, 6.02, 
10.6, 13.8, 6.33, 7.64, 6.41, 13.7, 7.07, 14.3, 7.96, 7.17, 13.3, 
11.7, 7.68, 9.97, 8.47, 9.61, 9.82, 8.53, 9.51, 10.8, 6.44, 7.98, 
13.8, 10.7, 10.8, 9.96, 13.9, 12, 14.9, 10.8, 14.6, 8.17, 10.9, 
9.52, 8.11, 10.5, 12.2, 14.8, 13.4, 10.6, 12, 8.8, 10.1, 14.1, 
7.83, 11.8, 11, 14.6, 11.1, 14.7, 13.4, 7.41, 10.3, 9.86, 7.8, 
11.8, 10.4, 14, 6.1, 10.8, 11.8, 7.97, 6.57, 14.1, 12.4, 7.97, 
12.6, 11.5, 7.15, 6.68, 8.89, 12.3, 8.93, 8.08, 10.6, 8.38, 10.8, 
7.95, 10.8, 10.4, 12.8, 9, 11.9, 10.7, 7.15, 12.6, 7.79, 7.27, 
14.8, 8.45, 8.27), y = c(1L, 0L, 6L, 1L, 5L, 23L, 1L, 0L, 2L, 
0L, 0L, 0L, 10L, 1L, 0L, 23L, 0L, 1L, 0L, 10L, 7L, 0L, 0L, 16L, 
0L, 0L, 0L, 0L, 0L, 35L, 0L, 0L, 10L, 0L, 0L, 2L, 1L, 8L, 0L, 
0L, 0L, 17L, 2L, 0L, 0L, 0L, 0L, 11L, 5L, 15L, 24L, 0L, 0L, 15L, 
0L, 5L, 1L, 3L, 10L, 0L, 31L, 3L, 91L, 0L, 18L, 0L, 0L, 0L, 1L, 
1L, 7L, 0L, 1L, 0L, 0L, 25L, 7L, 21L, 39L, 10L, 1L, 3L, 2L, 1L, 
0L, 0L, 0L, 0L, 0L, 0L, 1L, 0L, 0L, 0L, 0L, 38L, 0L, 1L, 3L, 
0L)), class = "data.frame", row.names = c(NA, -100L))
