structure(list(x1 = c(4.9, 0.25, 7.6, 1.4, 9.8, 5.9, 2, 1.3, 
9.6, 7.8, 2.8, 5, 4.1, 0.062, 1.8, 8.4, 2.6, 7.3, 8.5, 6.5, 4.4, 
6.5, 2.2, 5.8, 0.095, 5, 6.1, 1.8, 2.1, 4.1, 6.1, 7.7, 8.6, 8.2, 
4, 5.9, 4.5, 5.2, 2.9, 2.3, 2.8, 5.6, 1.6, 8.3, 6.2, 5.7, 6.4, 
6.2, 5.2, 4.9, 8.8, 3.5, 4.3, 1.5, 8.1, 5.7, 2.1, 3.6, 6.9, 4.4, 
9.5, 4.3, 9.7, 5.7, 4.2, 0.33, 9.2, 1, 9.3, 9.2, 8.5, 0.41, 6.3, 
5.2, 8.2, 5.6, 0.67, 3.9, 7.3, 0.77, 2.9, 5.8, 8.6, 7.6, 5.4, 
3.6, 2.4, 8, 5.2, 4.7, 7.6, 3.8, 5, 9.6, 2.2, 9.9, 5, 9.5, 6.7, 
5.4), x2 = c(-0.997, -0.591, -0.566, 5.7, 6.28, 2.29, -0.862, 
-1.43, 2.92, 7.42, 2.7, 0.0442, 4.47, -0.573, 7.04, 3, 0.0923, 
5.32, 7.71, 8.78, 7.3, -1.97, 5.81, -1.65, 7.72, 0.608, 6.23, 
-1.6, 3.01, 1.91, 1.26, 1.35, 3.1, 2.67, 7.54, 2.89, 4.89, -1.16, 
6.45, 3.67, 4.54, 5.13, 2.12, 8.23, 1.44, 3.7, -1.94, 3.2, 2.61, 
4.7, 6.13, 0.0114, 5.16, 6.38, 5.21, 8.04, 2.9, 6.63, 6.16, 2.99, 
-0.517, -0.258, -1.76, 3.42, 6.66, 3.66, 5.38, 7.85, -1.16, 8.14, 
0.272, 0.365, 3.5, 7.46, 1.35, 8.86, 0.443, 4.29, 1.34, 6.72, 
7.3, -1.66, 8.16, 6.7, 5.59, 3, 2.07, 6.01, 5.55, 5.06, 8.03, 
-0.279, 6.77, 6.73, -0.932, 2.14, 6.28, 8.39, 6.43, 8.93), x3 = c(10.4, 
6.34, 10.4, 9.19, 6.7, 11.2, 12.4, 9.17, 14.5, 6.3, 8.18, 10.7, 
14.3, 12.6, 9.27, 12, 6.1, 12.5, 9.41, 12.1, 10.3, 8.47, 7.8, 
13.9, 12.2, 6.97, 12.7, 14.3, 14.2, 7, 8.13, 10.2, 12.9, 6.98, 
9.13, 12.3, 13.3, 14.1, 6.03, 10.2, 12, 8.46, 13.7, 12, 13, 12.9, 
8.8, 12.5, 12.1, 7.18, 14.5, 6.14, 13.7, 8.66, 11.2, 13.2, 12.1, 
8.1, 12, 14.1, 12.9, 13, 9.34, 6.46, 8, 7.31, 8.72, 14.3, 12.6, 
11.1, 13.3, 9.84, 9.5, 7.13, 10.8, 10.6, 6.92, 9.88, 10, 11.3, 
11.5, 15, 13.6, 13.4, 10.4, 11.7, 14, 8.75, 7.92, 8, 10.1, 8.08, 
7.19, 9.16, 9.36, 12.2, 8.48, 9.87, 11.5, 6.45), y = c(23L, 6L, 
40L, 0L, 0L, 5L, 12L, 15L, 2L, 0L, 0L, 12L, 0L, 11L, 0L, 4L, 
10L, 1L, 0L, 0L, 1L, 66L, 0L, 56L, 0L, 8L, 1L, 20L, 1L, 2L, 3L, 
4L, 2L, 3L, 0L, 2L, 0L, 30L, 0L, 1L, 1L, 0L, 1L, 0L, 5L, 1L, 
69L, 4L, 3L, 0L, 0L, 7L, 0L, 0L, 0L, 0L, 0L, 0L, 0L, 3L, 40L, 
12L, 119L, 2L, 0L, 0L, 2L, 0L, 69L, 0L, 26L, 2L, 0L, 0L, 10L, 
0L, 5L, 0L, 5L, 0L, 0L, 45L, 0L, 0L, 0L, 1L, 1L, 0L, 0L, 0L, 
0L, 15L, 0L, 0L, 15L, 2L, 0L, 0L, 0L, 0L)), class = "data.frame", row.names = c(NA, 
-100L))
