structure(list(speed = c(4, 4, 7, 7, 8, 9, 10, 10, 10, 11, 11, 
12, 12, 12, 12, 13, 13, 13, 13, 14, 14, 14, 14, 15, 15, 15, 16, 
16, 17, 17, 17, 18, 18, 18, 18, 19, 19, 19, 20, 20, 20, 20, 20, 
22, 23, 24, 24, 24, 24, 25), dist = c(2.05, 10.03, 4.1, 21.8, 
16.0005, 10.2, 18.00003, 25.8, 34.06, 16.9, 27.97, 13.8, 20.1, 
24.03, 28.009, 26.03, 33.8, 34.04, 46.07, 25.97, 36.1, 59.8, 
79.8, 19.95, 26.03, 53.9, 32.1, 40.2, 31.8, 39.98, 49.8, 41.94, 
55.92, 75.8, 84.2, 35.8, 46.03, 67.98, 31.9, 48.01, 52.2, 55.8, 
63.9, 65.996, 54.2, 69.9, 92.2, 92.8, 119.96, 85.2)), row.names = c(NA, 
-50L), class = "data.frame")
