structure(list(x1 = c(8.1, 3.7, 3.1, 5.3, 4.6, 3.5, 3.3, 8.5, 
3.6, 5.1, 2, 4.9, 0.1, 8.3, 4.3, 8, 5.8, 9.8, 2.9, 7.1, 2.7, 
1, 4.5, 7.5, 6.3, 6.7, 3.3, 3.5, 0.61, 9.3, 7.4, 4.6, 6.7, 7, 
4.3, 6.8, 9.6, 5.3, 1.7, 7.1, 8.2, 2.2, 1.2, 7.4, 7, 6.2, 9, 
8.7, 10, 7.3, 2.4, 8.7, 2, 9.3, 5.4, 1.7, 8.9, 9.5, 0.21, 3.3, 
2.2, 6.7, 9.4, 4.3, 7.9, 0.032, 7.6, 8.8, 8.1, 5.2, 9, 8.6, 4.2, 
4.8, 5.3, 3.6, 9.8, 4.8, 5.9, 7.8, 8.3, 7.7, 7.4, 3.6, 8.5, 7.2, 
8.5, 7.9, 8.7, 1.9, 6.5, 6.8, 2.9, 2.7, 7.9, 1.1, 3.5, 5.7, 0.68, 
5), x2 = c(7.07, 0.984, 7.31, -0.872, 4.29, 4.07, -0.0155, 8.24, 
-0.635, 4.11, -1.14, 7.74, 5.77, 2.94, 3.17, 6.59, 7.16, 1.95, 
-1.6, 8.99, -1.99, 8.9, 7.45, 8.63, -1.9, 6.34, 5.78, 5.22, 4.79, 
-0.347, 4.85, 0.189, 6.73, 5.35, 4.97, 4.7, 1.16, 7.74, -1.21, 
1.76, -1.18, 4.18, 2.8, 3.37, -1.52, -0.201, 6.63, 5.89, 5.52, 
4.78, 5.23, 4.22, 6.45, 0.937, 5.17, 7.72, 8.87, -1.99, 6.54, 
-0.652, 4.49, 2.91, 2.31, 0.272, 7.88, 7.18, -0.409, -1.57, 6.65, 
-0.00492, 6.48, -0.018, -0.235, 7.59, 0.101, 5.69, 8.04, -0.75, 
-0.466, 5.33, 3.58, 8.72, 6.58, 4.73, 2.97, -0.789, 1.79, 4.4, 
8.05, 3.7, -1.03, 7.89, 1.22, 7.93, -0.0376, 4.94, 7.89, 0.228, 
-1.08, 7.7), x3 = c(6.93, 11.4, 7.81, 6.25, 12.9, 12.5, 7.48, 
12.2, 15, 13.4, 9.6, 13.2, 7.67, 9.17, 6.52, 13.5, 11.9, 11.5, 
12.4, 9.01, 12.3, 6.66, 13.6, 7.45, 14.3, 6.77, 6.49, 12.2, 14.2, 
12.2, 14.3, 6.06, 14.8, 14.4, 10.9, 11, 7.06, 14.3, 7.89, 13, 
11.2, 6.84, 6.05, 9.83, 11.5, 10.5, 8.1, 11.2, 7.63, 6.72, 6.33, 
13, 9.13, 7.08, 12.7, 11.4, 8.64, 13, 14.9, 11.2, 14.2, 11.6, 
7.38, 10.2, 7.19, 14.7, 8.02, 8.73, 11.3, 13.4, 14, 10.1, 13.6, 
8.72, 8.26, 10.3, 12, 13.2, 11.1, 11, 11.5, 8.22, 10.9, 7.23, 
6.27, 13.3, 9.67, 11.5, 14.7, 14, 12.7, 10.9, 11.6, 11.6, 7.04, 
14.4, 12.1, 10.9, 7.94, 12.3), y = c(0L, 2L, 0L, 41L, 1L, 0L, 
12L, 0L, 12L, 0L, 15L, 0L, 0L, 1L, 1L, 0L, 0L, 7L, 31L, 0L, 39L, 
0L, 0L, 0L, 70L, 0L, 0L, 0L, 0L, 25L, 0L, 10L, 0L, 0L, 1L, 0L, 
9L, 0L, 21L, 3L, 54L, 2L, 2L, 1L, 71L, 13L, 0L, 0L, 1L, 0L, 0L, 
1L, 0L, 14L, 0L, 0L, 0L, 141L, 0L, 14L, 0L, 1L, 4L, 7L, 0L, 0L, 
31L, 95L, 0L, 12L, 0L, 21L, 9L, 0L, 3L, 0L, 0L, 19L, 20L, 0L, 
1L, 0L, 0L, 0L, 2L, 44L, 5L, 0L, 0L, 0L, 38L, 0L, 5L, 0L, 18L, 
0L, 0L, 10L, 9L, 0L)), class = "data.frame", row.names = c(NA, 
-100L))
