structure(list(x1 = c(8.1, 0.74, 1.7, 9, 8.6, 3.3, 9.3, 5.8, 
4.5, 1.9, 5.8, 0.12, 4.6, 1, 2.6, 1.7, 5.5, 6.1, 7.7, 7.8, 5.6, 
6.7, 2.2, 7.2, 5, 5.6, 4.6, 2.2, 0.15, 6.5, 0.51, 4.3, 0.88, 
6.7, 2.1, 0.68, 3.5, 6.3, 1.2, 1.8, 6.2, 2.7, 1.1, 9.1, 5.7, 
2.2, 4.1, 0.29, 4.2, 9.9, 1.8, 8.9, 7.3, 1.5, 3.4, 7.3, 3.3, 
9.2, 6.8, 3.6, 2.9, 9.2, 2.1, 4.1, 3.2, 7.1, 1.7, 2.5, 8.1, 9.3, 
2.3, 4.7, 2.7, 9.8, 7.2, 1.6, 3.8, 4, 6.7, 9.4, 4.3, 1.9, 6, 
3, 0.73, 2.7, 4.3, 6.3, 7.4, 5.8, 8.5, 4.6, 9.5, 0.011, 7.3, 
6.2, 5, 3.7, 5, 5.3), x2 = c(3.13, 5.02, 7.16, 8.52, 0.789, -1.7, 
0.788, -0.339, 0.0193, 3.7, 8.02, 1.09, -0.786, 7.27, 0.771, 
1.53, 7.92, 7.81, 5.08, 3.46, 2.07, -1.11, -0.865, -1.74, 7.99, 
5.12, 6.17, 0.102, 6.18, -1.79, 1.52, 1.54, -0.438, 5.01, 1.2, 
8.05, 4.66, 5.05, 1.02, 8.18, 7.77, 4.34, 7.6, 8.18, 4.96, 1.65, 
7.3, 4.49, 7.39, 7.64, -0.586, 2.5, 3.33, -0.391, 6.87, -1.37, 
7.41, 2.47, 6.47, -0.646, 3, 2.89, 2.34, 4.6, -0.0852, 4.72, 
-0.822, -0.697, 1.21, 0.665, 2.72, 1.33, 6.51, 7.18, 0.778, 4.55, 
0.44, 3.17, 7.93, -1.53, 6.36, 6.55, 0.0799, 3.31, -0.311, 0.234, 
5.31, 4.51, -0.885, 6.91, 5.28, 8.06, 7.39, 6.11, 4.32, 8.99, 
4.18, 6.15, 1.34, -0.182), x3 = c(6.47, 7.93, 9.67, 11.7, 9.55, 
11.1, 13.9, 10, 10.6, 6.24, 7.77, 11.7, 12.1, 9.06, 13.1, 6.31, 
12.4, 14.1, 9.62, 14.1, 12, 12.7, 11.3, 14.2, 11.7, 10.9, 6.72, 
11.7, 7.21, 11.3, 13.8, 9.45, 14.7, 6.06, 9.55, 11.4, 9.96, 11.5, 
14.8, 9.35, 9.66, 12.3, 14.6, 8.77, 13.1, 6.44, 6.24, 13.7, 7.74, 
6.64, 7.62, 6.45, 8.78, 12.3, 6.05, 9.02, 13.4, 9.05, 10.3, 9.11, 
10.3, 11.6, 13.6, 12, 6.56, 11.7, 8.2, 12, 6.78, 9.18, 14.2, 
8.54, 14.1, 6.61, 14, 10.6, 10.2, 14.6, 14.6, 14.5, 12.1, 6.89, 
10.9, 14.6, 13.2, 9.27, 7.61, 7.8, 7.71, 11.1, 7.02, 14.3, 13.3, 
13.6, 11.5, 10.3, 10.3, 8.84, 14.1, 7.52), y = c(2L, 0L, 0L, 
0L, 10L, 30L, 19L, 17L, 11L, 0L, 0L, 1L, 25L, 0L, 8L, 1L, 0L, 
0L, 1L, 0L, 8L, 47L, 10L, 74L, 0L, 0L, 0L, 7L, 0L, 70L, 1L, 3L, 
7L, 0L, 4L, 0L, 1L, 0L, 3L, 0L, 0L, 0L, 0L, 0L, 0L, 2L, 0L, 0L, 
0L, 0L, 9L, 1L, 1L, 3L, 0L, 43L, 0L, 7L, 0L, 12L, 0L, 1L, 0L, 
0L, 9L, 0L, 9L, 13L, 9L, 12L, 2L, 2L, 0L, 0L, 12L, 0L, 5L, 1L, 
0L, 115L, 0L, 0L, 17L, 0L, 10L, 5L, 0L, 1L, 42L, 0L, 2L, 0L, 
0L, 0L, 0L, 0L, 1L, 0L, 0L, 17L)), class = "data.frame", row.names = c(NA, 
-100L))
