structure(list(speed = c(4, 4, 7, 7, 8, 9, 10, 10, 10, 11, 11, 
12, 12, 12, 12, 13, 13, 13, 13, 14, 14, 14, 14, 15, 15, 15, 16, 
16, 17, 17, 17, 18, 18, 18, 18, 19, 19, 19, 20, 20, 20, 20, 20, 
22, 23, 24, 24, 24, 24, 25), dist = c(1.8, 9.94, 4.2, 22.03, 
16.02, 9.93, 17.9, 25.8, 34.02, 17.2, 28.007, 13.91, 20.2, 24.02, 
27.98, 25.8, 33.8, 33.8, 45.8, 25.991, 35.8, 59.8, 79.92, 20.2, 
26.2, 53.993, 31.97, 39.8, 31.9, 40.2, 49.9, 41.8, 55.8, 76.09, 
83.8, 35.8, 46.07, 67.8, 31.96, 47.8, 52.2, 56.09, 64.04, 65.94, 
53.8, 70.2, 91.9, 93.1, 120.2, 85.02)), row.names = c(NA, -50L
), class = "data.frame")
