structure(list(x1 = c(1.6, 3.8, 8.5, 5.6, 5.4, 3.5, 3.1, 1, 5.4, 
9.5, 5.1, 3.3, 8.1, 5.5, 4.6, 1.5, 1.9, 0.7, 0.39, 4.8, 1.6, 
0.16, 3.4, 8.2, 8.6, 4.9, 4.4, 0.88, 3, 8.1, 2.5, 0.1, 1.7, 6.7, 
1.2, 0.85, 6.4, 1.1, 4.2, 1.5, 9.3, 6.7, 5.7, 3.8, 0.011, 8.9, 
2.8, 7.8, 9.4, 5.4, 4.9, 1.3, 3.6, 9.1, 4.2, 1.3, 2.5, 6.9, 8.9, 
9, 0.79, 7.2, 8.7, 5.3, 0.71, 8.9, 1.7, 7.5, 2.6, 6.8, 1.2, 5.8, 
0.83, 5.4, 7.3, 3.5, 4.7, 5.5, 9.1, 1.6, 9.8, 5.6, 2.9, 2.8, 
1.1, 7, 9.8, 0.72, 9.1, 6, 6.1, 4.8, 3.6, 0.61, 1.5, 0.65, 3.2, 
7.8, 9.6, 7.2), x2 = c(0.571, -1.4, 6.45, 4.62, -0.329, 5.27, 
-0.935, 3.27, 7.03, 4.11, 5.19, 8.98, 8.35, 8.72, 4.56, 4.08, 
5.4, 7.43, -0.777, 4.14, 8.68, 5.02, 3.69, 4.34, 7.72, 3.75, 
2.2, 5.19, 7.12, 6.2, -0.972, 0.439, 2.66, 2.07, 4.48, 7.62, 
2.38, -0.785, 4.09, 3.87, 6.91, 7.91, 3.2, 0.877, 7.23, 4.94, 
3.69, 3.16, 4.59, 3.06, 7.67, 7.57, -0.526, 4.11, -1.25, 4.67, 
6.79, 5.11, -1.69, 4.53, 3.14, 1.13, 4.46, 0.392, 4.18, -0.971, 
-0.306, 5.27, 4.26, 2.69, 0.0803, 1.7, -1.55, -1.23, 4.2, 3.38, 
8.25, 2.66, 2.57, 7.67, 1.81, 0.826, 5.21, 5.68, -1.34, -1.89, 
5.07, 3.94, 0.826, 6.07, -0.824, 0.272, 0.56, 7.35, -1.54, 6.96, 
4.36, 8.59, 5.39, -1.85), x3 = c(9.04, 13.6, 8.54, 8.45, 8.65, 
9.2, 8.86, 8.42, 10.9, 11.2, 8.68, 10.8, 12, 7.71, 12.1, 14.4, 
7.74, 9.41, 14, 11.7, 10.1, 9.79, 6.85, 14.9, 7.68, 10.1, 7.3, 
13.4, 11.4, 6.87, 8.9, 12.9, 13.7, 7.2, 10.2, 9.14, 14, 11, 6.46, 
11.1, 12.1, 11.7, 9.04, 10.4, 13.6, 14.3, 6.17, 12, 8.66, 7.68, 
13.2, 12.6, 7.44, 8.51, 11.3, 9.95, 9.05, 12.1, 6.73, 13.3, 7.04, 
13.4, 14.9, 10.5, 9.7, 9.92, 6.55, 7.64, 14.7, 12.5, 12.8, 9.56, 
14, 8.52, 11.7, 13.9, 6.83, 8.94, 10.9, 7.92, 9.45, 8.85, 13.7, 
11, 11, 14.5, 6.59, 12.9, 6.4, 11.4, 7.29, 13.1, 12.6, 6.39, 
13.8, 10.1, 9.24, 10.3, 11.4, 12.1), y = c(2L, 32L, 0L, 1L, 18L, 
0L, 19L, 0L, 0L, 0L, 0L, 0L, 0L, 0L, 0L, 0L, 0L, 0L, 6L, 2L, 
0L, 0L, 1L, 0L, 0L, 2L, 2L, 0L, 0L, 1L, 19L, 1L, 2L, 1L, 0L, 
0L, 2L, 9L, 2L, 0L, 0L, 0L, 2L, 5L, 0L, 0L, 0L, 1L, 0L, 2L, 0L, 
0L, 11L, 1L, 24L, 0L, 0L, 2L, 83L, 2L, 1L, 7L, 1L, 8L, 0L, 70L, 
9L, 0L, 0L, 1L, 5L, 3L, 22L, 45L, 1L, 1L, 0L, 2L, 4L, 0L, 7L, 
7L, 0L, 0L, 14L, 74L, 0L, 0L, 18L, 0L, 22L, 5L, 7L, 0L, 32L, 
0L, 0L, 0L, 0L, 84L)), class = "data.frame", row.names = c(NA, 
-100L))
