structure(list(speed = c(4, 4, 7, 7, 8, 9, 10, 10, 10, 11, 11, 
12, 12, 12, 12, 13, 13, 13, 13, 14, 14, 14, 14, 15, 15, 15, 16, 
16, 17, 17, 17, 18, 18, 18, 18, 19, 19, 19, 20, 20, 20, 20, 20, 
22, 23, 24, 24, 24, 24, 25), dist = c(1.9, 9.98, 4.2, 21.8, 15.9, 
10.2, 18.1, 26.2, 34.08, 16.9, 28.02, 14.02, 20.2, 23.8, 27.8, 
26.1, 33.9, 34.2, 45.8, 25.9, 35.8, 59.8, 80.1, 20.07, 26.2, 
53.98, 31.8, 40.2, 31.8, 40.1, 49.9, 41.91, 55.94, 75.8, 84.2, 
35.96, 46.1, 67.8, 31.96, 47.98, 51.92, 56.07, 64.2, 65.999, 
53.94, 70.08, 91.92, 92.9, 120.04, 84.8)), row.names = c(NA, 
-50L), class = "data.frame")
