structure(list(x1 = c(2.1, 4.6, 9.8, 0.09, 2.6, 9.5, 7.4, 9.4, 
6.6, 2.6, 5.3, 5.5, 9.8, 0.38, 1.8, 7, 2.4, 9.9, 0.11, 2.7, 2, 
1, 7.9, 6.4, 10, 4.6, 1.3, 8.9, 0.4, 7, 2.4, 3.1, 3.9, 1.5, 9.2, 
4.3, 7.7, 0.82, 4.3, 4.7, 3.5, 6.5, 9.4, 5, 3.8, 6.6, 3.3, 2.6, 
5.7, 0.75, 4.3, 2.5, 3.3, 9.9, 8.2, 7.4, 6.1, 9.5, 7.3, 2, 8.4, 
8.9, 5.9, 3.1, 6.4, 5.1, 0.84, 9, 4.6, 0.14, 2.6, 6.6, 0.81, 
8.4, 5.4, 4.3, 2, 1.5, 5.8, 8.2, 3.1, 5.2, 3.8, 3.3, 8, 10, 5.7, 
1.2, 0.24, 8.9, 3.8, 7.6, 0.47, 3, 6.5, 7.7, 8.4, 2.5, 1.3, 6.7
), x2 = c(8.05, 8.71, 0.148, 5.97, -0.606, 2.32, 7.6, -0.488, 
2.5, -1.57, 3.33, -1.48, 3.88, 5.12, -0.906, 4.06, 1.56, 5.35, 
7.05, -0.0601, 2.39, -1.41, 0.557, 5.71, 6.46, 2.21, 8.37, 7.86, 
-0.0211, 6.07, 2.23, 8.91, 7.7, -0.964, 5.58, 5.98, 3.49, 6.39, 
-1.16, 6.06, 3.91, -0.69, 1.82, 4.21, 7.2, 6.98, 7.05, -1.78, 
4.67, 4.77, -1.2, 1.24, 3.38, 0.688, 0.821, 8.73, 7.22, 1.42, 
5.39, 2.5, 2.8, 4.95, 1.23, 8.15, 2.33, -0.807, 8.79, 2.64, 1.4, 
8.49, -0.0665, 3.51, 8.69, -1.19, -0.0825, -0.266, -0.798, 1.27, 
3.54, 6.78, 7.55, 7.58, 2.45, 0.592, 4.35, 8.56, 2.51, 7.22, 
5.33, -1.18, 5.31, -1.45, -1.52, 8.7, 6.46, 1.83, 8.16, 2.23, 
-1.29, 1.69), x3 = c(8.81, 6.17, 12.8, 7.69, 7.27, 11, 7.8, 12.8, 
9.4, 12.2, 7.51, 11, 6.69, 12.3, 8.4, 6.6, 14.3, 8.74, 11.4, 
13.4, 10.5, 7.68, 12.3, 11, 14.1, 6.21, 7.36, 14.2, 8.6, 6.39, 
6.02, 10, 8.1, 8.31, 13, 6.47, 10.1, 11.5, 13.7, 8.72, 10.7, 
7.71, 8.7, 14.4, 14.2, 6.2, 14.5, 9.73, 6.73, 6.36, 7.97, 8.06, 
10.1, 7.4, 12.6, 9.02, 8.3, 9.64, 9.15, 13.7, 7.76, 12.3, 11.7, 
8.76, 7.12, 9.16, 11.8, 12.2, 9.11, 8.82, 14.3, 8.19, 13.5, 14.8, 
12.4, 6.98, 8.59, 10.5, 9.21, 8.78, 9.53, 9.89, 7.9, 8.52, 14.6, 
14.5, 14.8, 11.5, 9.66, 13.9, 8.75, 13.6, 12, 9.43, 6.56, 11.5, 
14, 14.7, 10.7, 6.75), y = c(0L, 0L, 15L, 0L, 11L, 3L, 0L, 33L, 
3L, 23L, 1L, 38L, 0L, 0L, 13L, 0L, 2L, 0L, 0L, 4L, 1L, 11L, 18L, 
0L, 2L, 1L, 0L, 1L, 2L, 0L, 2L, 0L, 0L, 12L, 0L, 0L, 0L, 0L, 
27L, 0L, 0L, 24L, 4L, 1L, 0L, 0L, 0L, 26L, 2L, 0L, 32L, 3L, 1L, 
23L, 9L, 0L, 0L, 7L, 1L, 1L, 3L, 1L, 4L, 0L, 3L, 28L, 0L, 3L, 
4L, 0L, 4L, 0L, 0L, 73L, 15L, 19L, 13L, 1L, 1L, 0L, 0L, 0L, 2L, 
3L, 1L, 0L, 1L, 0L, 0L, 74L, 0L, 40L, 11L, 0L, 0L, 2L, 0L, 2L, 
7L, 1L)), class = "data.frame", row.names = c(NA, -100L))
