structure(list(x1 = c(6.5, 6.6, 6.1, 1, 5.9, 4.2, 4.9, 4.7, 5.6, 
4.1, 1.1, 0.55, 1.2, 3.4, 2.9, 1.4, 8.4, 2.2, 9.7, 2.7, 3.7, 
6.1, 3.5, 2.6, 3.1, 6.4, 3.6, 6.1, 0.93, 4.9, 3.4, 2.6, 10, 5.7, 
9.5, 3.6, 8.7, 8.7, 3.2, 0.26, 2.5, 4.2, 1.6, 2.6, 5.3, 1.4, 
2.8, 1.4, 3.9, 3.5, 9.7, 9.8, 9, 8.7, 10, 5.3, 7.7, 4.6, 2, 2.6, 
2.9, 4.4, 5.9, 7.6, 3.5, 2.9, 3.6, 2.3, 3.7, 5.2, 7.2, 2.2, 2.5, 
3.3, 6.5, 8.9, 4.9, 9.3, 3.7, 9.3, 3.7, 0.73, 1, 5.6, 8.3, 9.6, 
4.3, 8.3, 8.1, 9.8, 7.9, 6.8, 2.9, 0.53, 9, 0.16, 1.3, 9.8, 7.9, 
0.71), x2 = c(8.43, 3.72, 2.15, 0.929, -0.619, 6.93, 2.18, -1.11, 
4.85, 4.49, 2.2, 6.72, 5.57, 6.18, 7.14, 8.27, 3.66, 2.87, 0.754, 
1.98, 8.15, -1.11, 8.83, -0.255, -1.73, 5.36, 4.98, 7.29, 7.97, 
0.47, 3.66, 0.38, 5.72, 7.25, 7.72, -1.36, 6.57, 3.25, 1.1, 5.28, 
4.91, 6.08, 0.892, -1.79, 8.24, 7.24, -0.928, -0.063, 0.94, 7.82, 
-0.412, 5.55, -0.125, 6.42, 7.71, -2, -0.586, 6.44, 1.75, 2.8, 
2.84, 0.173, -0.985, 1.69, 4.81, 1.6, 7.66, 4.41, 7.17, -0.548, 
3.57, 3.26, 7.54, 3.98, 5.48, 3.76, 5.5, 0.726, 2.04, 1.65, 5.14, 
-1.77, 5.88, 6.14, 7.05, 6.53, 2.02, 2.76, 5.42, -1.47, -0.526, 
2.3, 1.3, 2.12, 0.924, -1.39, 2.55, 6.11, 3.54, 1.56), x3 = c(11.8, 
8.85, 6.76, 11.1, 14.9, 8.7, 10.5, 13, 6.63, 10.6, 9.53, 9.29, 
12.2, 6.55, 8.37, 6.49, 12, 12.1, 11.7, 6.22, 8.66, 7.23, 13.1, 
12.6, 14.4, 10.1, 13.8, 11, 11.4, 10.4, 12.6, 14.6, 13.3, 14, 
11.6, 7.69, 14.3, 10.8, 11.1, 13, 11.2, 11.5, 13.2, 7.48, 11.6, 
10, 6.99, 8.27, 6.4, 14.3, 11.2, 14.2, 11.4, 10.7, 8.05, 14.1, 
7.48, 14.4, 11.8, 13.4, 9.59, 14.5, 8.69, 13.9, 7.92, 7.19, 14.3, 
14.6, 6.17, 12.1, 13.2, 9.43, 11.6, 13.5, 14.3, 12.6, 12, 14.7, 
10.4, 7.17, 7.27, 11.7, 12.6, 13.6, 11.4, 8.63, 8.33, 7.1, 7.16, 
9.69, 10.3, 13.9, 8.54, 14.5, 7.52, 13.1, 11.5, 8.76, 10.8, 14.1
), y = c(0L, 1L, 4L, 2L, 26L, 0L, 0L, 26L, 0L, 1L, 3L, 0L, 0L, 
0L, 0L, 0L, 1L, 0L, 15L, 2L, 0L, 45L, 0L, 9L, 37L, 1L, 0L, 0L, 
0L, 10L, 0L, 5L, 0L, 0L, 0L, 27L, 0L, 4L, 5L, 0L, 0L, 0L, 3L, 
32L, 0L, 0L, 15L, 6L, 3L, 0L, 38L, 0L, 44L, 0L, 0L, 60L, 41L, 
0L, 1L, 1L, 0L, 12L, 31L, 6L, 0L, 4L, 0L, 0L, 0L, 24L, 0L, 0L, 
0L, 1L, 2L, 1L, 0L, 19L, 1L, 7L, 0L, 15L, 0L, 0L, 0L, 0L, 1L, 
1L, 0L, 112L, 31L, 2L, 4L, 1L, 14L, 15L, 0L, 1L, 0L, 2L)), class = "data.frame", row.names = c(NA, 
-100L))
