structure(list(speed = c(4, 4, 7, 7, 8, 9, 10, 10, 10, 11, 11, 
12, 12, 12, 12, 13, 13, 13, 13, 14, 14, 14, 14, 15, 15, 15, 16, 
16, 17, 17, 17, 18, 18, 18, 18, 19, 19, 19, 20, 20, 20, 20, 20, 
22, 23, 24, 24, 24, 24, 25), dist = c(2.07, 10.08, 4.05, 21.8, 
16.04, 9.96, 17.997, 25.98, 34.03, 16.95, 27.8, 13.8, 19.8, 23.92, 
27.9, 25.8, 34.2, 33.9, 46.2, 25.9, 35.93, 60.05, 79.92, 19.9, 
25.91, 54.07, 31.93, 40.06, 31.8, 39.993, 49.92, 41.9, 56.2, 
76.03, 84.2, 35.93, 46.2, 68.2, 31.91, 47.8, 51.9, 55.96, 63.8, 
65.9, 54.01, 69.8, 91.9, 92.8, 119.94, 84.93)), row.names = c(NA, 
-50L), class = "data.frame")
