structure(list(speed = c(4, 4, 7, 7, 8, 9, 10, 10, 10, 11, 11, 
12, 12, 12, 12, 13, 13, 13, 13, 14, 14, 14, 14, 15, 15, 15, 16, 
16, 17, 17, 17, 18, 18, 18, 18, 19, 19, 19, 20, 20, 20, 20, 20, 
22, 23, 24, 24, 24, 24, 25), dist = c(1.9, 10.1, 4.2, 21.8, 15.8, 
9.8, 17.8, 26.2, 33.8, 16.8, 27.92, 14.1, 20.09, 23.8, 28.04, 
26.2, 34.1, 33.92, 45.94, 26.2, 35.9, 60.2, 80.09, 19.8, 26.06, 
53.94, 32.2, 40.05, 32.06, 40.07, 49.8, 42.1, 55.96, 75.92, 84.2, 
35.8, 46.1, 67.94, 31.8, 47.8, 52.2, 55.8, 64.1, 66.1, 53.95, 
70.2, 92.2, 93.2, 119.91, 85.2)), row.names = c(NA, -50L), class = "data.frame")
