structure(list(x1 = c(2.9, 7.8, 9.6, 1.7, 0.15, 0.67, 0.27, 9.3, 
1.7, 0.69, 3.4, 7.4, 6.8, 1, 5.8, 9.5, 7, 3.3, 3.8, 8.4, 2.7, 
8.4, 6.9, 0.99, 6.3, 3.7, 9.3, 6, 6.2, 6.3, 0.89, 6.9, 4.1, 3.4, 
9.9, 2, 7.6, 3.8, 1.9, 1.4, 9.1, 1.1, 7.4, 7, 4.1, 10, 8.2, 8.4, 
3.2, 8.5, 0.7, 6.7, 4.8, 2.7, 4.7, 9.4, 6.8, 8.3, 8.2, 7.6, 9.4, 
0.76, 7.4, 1.6, 5.5, 1.7, 8.7, 8.5, 2.9, 6, 1.3, 7.3, 6.9, 8.2, 
9.9, 1, 9.5, 8.9, 6.4, 2.5, 1.8, 9.7, 9.1, 4.1, 0.58, 5.7, 5, 
5.4, 6.3, 5, 4.2, 8.7, 8.6, 8.6, 8.9, 3.8, 0.32, 8.9, 5.1, 4.7
), x2 = c(2.35, 5.31, 8.62, 8.25, 4.21, 4.22, 6.42, 1.44, 3.35, 
-1.94, -1.35, 4.7, -0.454, 8.31, 4.58, 3.52, 5.8, -0.762, 3.78, 
-0.749, -1.4, -0.544, 5.6, 6.4, 1.9, 1.49, 4.21, 3.07, 5.04, 
6.27, 3.54, 8.59, 2.91, 3.45, 6.87, 7.92, 5.03, 5.78, -1.68, 
6.03, 4.92, 6.41, -1.07, 2.45, 1.2, 0.767, 3.41, 8.87, 0.77, 
4.94, 1.79, 2.15, 5.64, 6.2, 8.94, 1.43, 6.43, 0.321, -1.91, 
1.8, 8.02, 8.13, 0.288, 4.58, 0.971, 4.59, -1.66, 8.97, 5.34, 
3.62, -1.59, -1.04, 7.7, 8.47, 2.84, 0.0266, 1.46, -0.436, 3.5, 
8.21, -0.616, 5.18, 2.45, 6.73, 8.71, 2.14, 4.26, 1.63, 1.21, 
4.36, 3.65, -0.491, 6.02, 0.165, 1.63, 5.03, 6.95, 5.9, 6.81, 
7.86), x3 = c(7.92, 9.34, 14, 9.22, 10.5, 8.03, 11.7, 12.6, 9.1, 
13.1, 13.8, 9.59, 10.5, 14, 6.21, 7.54, 8.47, 10, 14.3, 14.5, 
10.4, 12.9, 8.29, 6.95, 10.9, 13.9, 8.14, 10.1, 12.8, 9.57, 12.6, 
11.4, 11.5, 7.88, 7.45, 8.93, 9.83, 7.39, 15, 10.2, 13.7, 10.9, 
14.1, 11.7, 10.2, 11.3, 11.3, 14.9, 6.61, 6.22, 13.7, 9.02, 7.83, 
12.9, 14.1, 7.05, 7.16, 9.39, 13.2, 11, 11.6, 10, 14.6, 7.56, 
11.2, 14.4, 13.6, 13.7, 14.6, 8.85, 9.56, 10.7, 13.6, 11.5, 10.1, 
8.25, 13.8, 13.9, 8.13, 10.4, 12.3, 6.71, 11.8, 12.5, 8.17, 7.33, 
12.9, 6.8, 7.61, 10.4, 11, 13, 11.3, 10.3, 6.03, 13.3, 12.9, 
13.4, 11.2, 7.16), y = c(1L, 0L, 0L, 0L, 0L, 0L, 0L, 14L, 1L, 
22L, 15L, 1L, 26L, 0L, 0L, 3L, 0L, 22L, 0L, 50L, 21L, 36L, 0L, 
0L, 4L, 2L, 2L, 1L, 0L, 0L, 0L, 0L, 2L, 1L, 0L, 0L, 0L, 0L, 33L, 
0L, 1L, 0L, 46L, 1L, 4L, 24L, 1L, 0L, 3L, 0L, 1L, 2L, 1L, 0L, 
0L, 13L, 0L, 17L, 95L, 8L, 0L, 0L, 19L, 0L, 4L, 0L, 73L, 0L, 
1L, 1L, 16L, 43L, 0L, 0L, 2L, 6L, 12L, 28L, 0L, 0L, 12L, 1L, 
6L, 0L, 0L, 4L, 0L, 6L, 6L, 1L, 0L, 43L, 0L, 14L, 8L, 0L, 0L, 
0L, 0L, 0L)), class = "data.frame", row.names = c(NA, -100L))
