structure(list(x1 = c(9.8, 0.93, 6.5, 9.3, 9.6, 5.8, 2.8, 2.4, 
7, 4.9, 2.8, 6.6, 4.4, 1.7, 0.87, 7.8, 6.4, 6.7, 5.5, 2.4, 8, 
5.9, 0.24, 1.2, 3.6, 4.1, 3.7, 2.2, 3.7, 1.5, 6.7, 2.9, 6.1, 
4.1, 8.4, 8.1, 7.2, 3.1, 6.9, 3e-04, 9.1, 0.43, 1, 3.5, 4.9, 
9.4, 5.6, 8.4, 0.86, 9.7, 1.4, 0.78, 2.4, 3.9, 8.1, 0.89, 8, 
6.3, 8.1, 0.64, 6, 7.6, 2.3, 2.1, 7.3, 6.4, 9.6, 6.4, 3.7, 3.8, 
1.4, 2.9, 2.7, 3.8, 4.5, 2.5, 0.23, 2.1, 0.33, 4.7, 6.2, 1.8, 
5, 4.7, 3.4, 7.6, 0.62, 5, 3.8, 1.1, 5.2, 4.8, 2.1, 4.8, 3.5, 
0.43, 5.2, 9.4, 0.49, 9.1), x2 = c(1.14, 1.83, 6.49, 1.37, 4.43, 
0.893, 3.62, 4.07, 1.35, 0.625, 6.01, -0.689, 0.426, 3.93, -0.312, 
1.23, 0.698, 8.99, 5.34, -1.67, 4.13, 7.5, 5.05, -1.92, 3.68, 
5.11, 7.86, 1.59, 7.45, -0.00929, 7.88, 0.875, 5.09, 7.15, 3.24, 
0.948, 1.15, -0.00937, 1.28, 2.44, 6.69, 4.2, 6.94, 0.471, 6.25, 
6.3, -0.681, -1.98, 7.55, 6.18, 3.68, -1.74, 0.61, -0.32, -0.0922, 
1.45, 2.74, -1.11, 8.35, 2.85, 8.17, 1.59, 2.51, 7.7, -1.04, 
6.61, 7.88, -0.271, 0.25, -1.44, 4.51, 8.68, 5.94, 1.37, 5.35, 
1.36, 4.45, 4.36, 4.34, 1.53, 8.21, -0.518, 5.97, -1.79, 4.53, 
-0.928, 3.34, 4.41, 6.75, 6.83, 3.44, 2.35, -0.718, 4.7, -0.588, 
4.62, 6.96, -1.2, -0.802, 8.03), x3 = c(6.63, 9.09, 11.8, 14.1, 
12.2, 14.1, 14.4, 12.8, 11.9, 14.8, 12.6, 13.3, 10.7, 14.3, 11.3, 
7.73, 13.6, 11, 6.37, 7.01, 9.08, 14.5, 12.2, 13, 7.91, 11.4, 
7.77, 7.95, 13.9, 13.5, 9.28, 13.3, 10.3, 8.37, 7.77, 13.2, 10.6, 
6.71, 7.62, 14.9, 6.32, 7.92, 13, 7.99, 13.5, 11.8, 11.1, 6.01, 
14.4, 9.61, 7.65, 8.83, 10.6, 13.3, 6.14, 12.5, 11.9, 9.01, 10.9, 
8.88, 6.89, 8.21, 10.6, 14.8, 8.83, 13, 9.59, 6.44, 14.2, 13.4, 
12.9, 9.43, 11.4, 10.2, 8.14, 9.25, 14.2, 8.44, 14, 6.03, 8.95, 
13.8, 6.93, 8.61, 11.9, 13.6, 11.5, 7.69, 14.1, 10.8, 11.5, 7.98, 
6.3, 11.7, 9.04, 8.38, 6.72, 10.8, 10.1, 11.4), y = c(15L, 1L, 
0L, 4L, 1L, 11L, 0L, 2L, 5L, 7L, 0L, 38L, 8L, 0L, 4L, 10L, 9L, 
0L, 0L, 35L, 0L, 0L, 0L, 17L, 1L, 0L, 0L, 1L, 0L, 10L, 0L, 5L, 
0L, 1L, 3L, 13L, 7L, 7L, 4L, 0L, 0L, 0L, 0L, 6L, 0L, 0L, 18L, 
109L, 0L, 0L, 0L, 23L, 5L, 16L, 13L, 2L, 3L, 43L, 0L, 0L, 0L, 
6L, 1L, 0L, 53L, 1L, 0L, 27L, 6L, 30L, 0L, 0L, 1L, 1L, 1L, 0L, 
0L, 0L, 0L, 3L, 0L, 4L, 0L, 37L, 0L, 60L, 0L, 0L, 0L, 0L, 1L, 
1L, 14L, 0L, 13L, 0L, 0L, 85L, 9L, 0L)), class = "data.frame", row.names = c(NA, 
-100L))
