structure(list(speed = c(4, 4, 7, 7, 8, 9, 10, 10, 10, 11, 11, 
12, 12, 12, 12, 13, 13, 13, 13, 14, 14, 14, 14, 15, 15, 15, 16, 
16, 17, 17, 17, 18, 18, 18, 18, 19, 19, 19, 20, 20, 20, 20, 20, 
22, 23, 24, 24, 24, 24, 25), dist = c(1.8, 9.98, 4.2, 22.07, 
16.02, 10.07, 17.96, 25.9, 33.8, 16.8, 27.8, 14.1, 19.992, 24.1, 
27.9, 26.1, 33.97, 34.05, 45.92, 26.07, 35.8, 59.98, 80.1, 20.1, 
26.07, 53.8, 32.2, 39.9, 31.8, 40.2, 49.8, 42.09, 55.8, 75.9, 
83.8, 36.2, 45.8, 67.9, 32.1, 47.994, 51.8, 56.04, 64.1, 66.07, 
54.1, 69.8, 92.1, 92.8, 120.1, 84.91)), row.names = c(NA, -50L
), class = "data.frame")
