structure(list(speed = c(4, 4, 7, 7, 8, 9, 10, 10, 10, 11, 11, 
12, 12, 12, 12, 13, 13, 13, 13, 14, 14, 14, 14, 15, 15, 15, 16, 
16, 17, 17, 17, 18, 18, 18, 18, 19, 19, 19, 20, 20, 20, 20, 20, 
22, 23, 24, 24, 24, 24, 25), dist = c(2.2, 9.8, 4.08, 22.2, 16.2, 
10.04, 17.9, 25.9, 34.1, 16.994, 27.9, 14.08, 19.97, 23.8, 27.8, 
26.1, 34.07, 34.09, 46.03, 25.9, 36.2, 60.04, 79.8, 19.8, 25.93, 
53.95, 31.94, 39.9, 31.94, 39.8, 50.08, 41.9, 56.06, 75.95, 84.2, 
36.2, 46.1, 67.9, 32.1, 47.8, 52.2, 55.8, 63.8, 65.93, 53.997, 
70.2, 92.03, 93.2, 119.8, 85.2)), row.names = c(NA, -50L), class = "data.frame")
