structure(list(x1 = c(0.43, 4.6, 9.6, 6.3, 5.4, 6.5, 4.3, 2, 
0.47, 1.6, 1.7, 8, 4.8, 6.9, 2.3, 7.3, 4.5, 6.1, 3.4, 6.4, 0.36, 
4.6, 7.8, 7.5, 6.3, 1.3, 9.7, 2.7, 0.35, 9.6, 0.45, 6.8, 0.69, 
2.6, 0.33, 9.3, 1.3, 2.9, 7.5, 4.9, 1.1, 5.7, 7.1, 6.5, 7.2, 
0.037, 7.6, 0.78, 7.6, 3.3, 9.3, 5.6, 6.1, 0.41, 1.8, 10, 0.29, 
7.1, 3.4, 8.8, 7.9, 9.7, 4.9, 0.053, 0.38, 5.5, 7.6, 2.3, 3.5, 
1.5, 6.5, 5.5, 9.6, 0.052, 2.6, 0.74, 0.088, 4, 6.2, 6.5, 3.9, 
0.28, 1.6, 9.4, 1.3, 3.6, 2.4, 8.8, 2.7, 9.7, 9.9, 1.3, 5.1, 
2.4, 0.099, 1.6, 8.9, 0.69, 10, 3.4), x2 = c(6.65, 8.34, 3.61, 
8.74, 7, 6.46, -0.267, -0.779, -1.52, 6.4, -0.124, -0.268, 8.27, 
8.26, 5.78, 5.4, 0.681, 7.29, 4.59, 2.24, 8.69, 2.33, 8.42, 2.19, 
4.01, 8.81, 1.04, 0.851, 7.61, 1.27, -1.98, 5.24, -1.39, 6, 8.17, 
-0.698, -0.615, -1.93, 8.04, 2.41, 1.91, 5.78, 2.73, 2.12, -0.178, 
6.89, 6.73, 0.623, 6.19, 6.95, 6.21, 1.34, 6.38, 6.21, 3.22, 
2.61, 4.94, 4.55, 1.72, 2.32, 2.5, 3, 2.49, -1.6, 1.01, 0.318, 
3.16, 2.06, -0.494, -0.837, 4.82, 2.04, 1.24, 6.68, 3.35, 1.77, 
6.23, 2.05, -0.00844, 7.3, 7.33, 6.73, 8.49, -1.4, 8.69, 4.27, 
7.63, 0.687, -1.33, 1.24, 1.52, 5.8, 8.4, -1.79, 1.08, 7.28, 
3.96, 3.12, 2.05, 1.93), x3 = c(11.3, 12.7, 8.12, 6.21, 11.6, 
8.97, 12.7, 12.4, 11.7, 10.6, 9.6, 12, 14.3, 11.4, 11, 13, 8.65, 
11.1, 8.7, 10.4, 8.94, 8.42, 9.36, 7.51, 13.6, 6.13, 10.9, 14.8, 
10, 13, 13.2, 7.7, 6.6, 8.24, 14.7, 11.3, 11.1, 9.23, 11.7, 12.9, 
10.8, 12.4, 14.7, 13.9, 13.1, 9.6, 11.2, 14.3, 8.48, 9.55, 13.5, 
10.8, 10.2, 13.7, 14.9, 9.08, 11.2, 8.85, 14.6, 9.9, 9.66, 8.35, 
8.3, 13, 11.6, 8.14, 6.83, 13.2, 7.46, 7.33, 10.7, 7.85, 8.6, 
9.76, 7.89, 13, 9.56, 6.46, 11.9, 10.2, 11.3, 6.82, 8.31, 14, 
11.4, 10.2, 14.4, 8.6, 8.78, 10.8, 14.7, 7.81, 13.2, 10.4, 13.4, 
13.3, 6.18, 9.06, 7.9, 14.9), y = c(0L, 0L, 3L, 0L, 0L, 0L, 20L, 
13L, 22L, 0L, 8L, 30L, 0L, 0L, 0L, 2L, 3L, 0L, 1L, 3L, 0L, 0L, 
0L, 3L, 0L, 0L, 16L, 5L, 0L, 10L, 23L, 0L, 14L, 0L, 0L, 49L, 
5L, 30L, 0L, 2L, 2L, 0L, 4L, 2L, 16L, 0L, 0L, 4L, 0L, 0L, 0L, 
2L, 0L, 0L, 0L, 1L, 0L, 0L, 5L, 11L, 5L, 5L, 0L, 13L, 3L, 11L, 
3L, 0L, 20L, 13L, 0L, 3L, 11L, 0L, 0L, 1L, 0L, 4L, 11L, 0L, 0L, 
0L, 0L, 78L, 0L, 0L, 0L, 13L, 19L, 14L, 3L, 1L, 0L, 29L, 5L, 
0L, 1L, 0L, 6L, 2L)), class = "data.frame", row.names = c(NA, 
-100L))
