structure(list(x1 = c(9.7, 1.4, 8.2, 8.9, 0.17, 3.7, 7.5, 5.2, 
3.3, 2.1, 7.2, 3.1, 4.8, 5.2, 0.29, 1.4, 9, 0.4, 0.68, 4.6, 3.1, 
5.1, 7.9, 4, 2.9, 8.1, 5.7, 0.95, 5, 4.3, 0.62, 6.5, 0.33, 9, 
5.9, 8.3, 4.6, 4.6, 4.4, 0.97, 8.3, 0.88, 3.2, 2.7, 4.3, 4.4, 
2, 2.6, 2.9, 1.5, 10, 4.4, 10, 7.6, 9.9, 7.7, 5.1, 4, 2.2, 4.6, 
1.3, 3.8, 4.1, 4.8, 2, 3.9, 2.5, 1.1, 9.8, 6.2, 0.32, 2.4, 1.3, 
0.97, 1.8, 5.1, 1.4, 6.2, 7.1, 5.9, 3.6, 4, 5.7, 1.2, 8.9, 8.5, 
7.8, 9.2, 4.5, 6.4, 8.4, 8.1, 0.74, 7.3, 7.7, 6.6, 8.9, 2.3, 
7.7, 5.3), x2 = c(-1.1, 4.43, 4.25, 2.19, 6.42, 8.46, -0.55, 
0.0874, 1.82, 6.39, 2.02, 3, 3.12, -0.457, 8.11, -1.91, -1.67, 
4.06, 1.91, 3.39, 3.96, 2.66, -1.21, 6.01, 6.13, 5.34, 7.56, 
-0.678, 3.15, -1.03, 1.12, 6.17, 0.709, 1.31, 1.17, 8.77, 6.63, 
8.5, 8.66, 6.35, 6.38, 3.99, 3.48, 4.62, 1.16, 0.337, 0.141, 
-1.59, 7.29, 6.13, 2.36, 0.00451, -0.292, -1.2, 5.27, 6.93, 3.69, 
-1.54, 8.65, 6.77, 6.04, -1.68, 3.41, -1.28, -0.271, 2.25, 6.39, 
-1, 7.52, 5.96, -1.14, 2.71, -0.195, -0.932, 0.853, 8.57, 2.42, 
5.89, 8.88, -0.981, -0.696, -1.56, 1.71, 0.813, -0.548, 8.47, 
2.14, -0.673, 8.88, -0.0393, 7.34, 2.7, 3.7, -1.85, -1.85, 4.64, 
8.62, -1.37, 8.19, 5.39), x3 = c(14.8, 13.9, 7.2, 13.8, 14.9, 
8.26, 12.8, 9.46, 12.3, 9.72, 13.1, 9.38, 13.9, 12.3, 14.9, 10.5, 
6.31, 9.96, 12.8, 11.7, 12, 13.4, 11, 11.8, 9.9, 12.5, 14.1, 
8.58, 7.6, 10.8, 13.7, 9.03, 7.77, 10.8, 9, 10.3, 6.49, 10.4, 
13.7, 6.47, 13.2, 10.5, 8.91, 9.68, 8.13, 11.4, 7.85, 11.5, 10.8, 
11.4, 12.1, 11.3, 13.4, 9.78, 7.38, 9.23, 12.6, 6.64, 13.8, 14.6, 
11.6, 11.4, 13, 10.4, 6.84, 13, 12.7, 8.5, 12.8, 10.6, 11.8, 
9.69, 13.6, 14.9, 8.68, 9.57, 13.5, 11.5, 10.8, 12.8, 10.4, 9.72, 
13.8, 10.7, 10.4, 14, 7.9, 10.8, 13, 6.2, 7.14, 9.93, 9.94, 6.41, 
14.8, 12.1, 8.82, 13.2, 7.82, 9.47), y = c(71L, 0L, 0L, 6L, 0L, 
0L, 29L, 19L, 4L, 0L, 4L, 0L, 2L, 18L, 0L, 26L, 97L, 0L, 1L, 
0L, 0L, 1L, 56L, 0L, 0L, 0L, 0L, 10L, 0L, 15L, 2L, 0L, 2L, 9L, 
10L, 0L, 0L, 0L, 0L, 0L, 0L, 0L, 0L, 0L, 2L, 13L, 3L, 33L, 0L, 
1L, 3L, 8L, 34L, 42L, 0L, 0L, 0L, 37L, 0L, 0L, 1L, 32L, 1L, 27L, 
4L, 2L, 0L, 11L, 0L, 0L, 12L, 1L, 8L, 5L, 5L, 0L, 0L, 0L, 0L, 
42L, 11L, 34L, 3L, 2L, 49L, 0L, 5L, 57L, 0L, 16L, 0L, 5L, 1L, 
88L, 105L, 0L, 0L, 17L, 0L, 0L)), class = "data.frame", row.names = c(NA, 
-100L))
