structure(list(x1 = c(8.9, 6, 8.5, 4.2, 6.3, 3.3, 0.3, 3.1, 0.12, 
9.8, 2.1, 0.98, 7.6, 1.9, 1, 6.7, 7.7, 5.6, 7.1, 0.61, 6.1, 7.9, 
0.47, 0.18, 9.9, 0.41, 3.5, 5.7, 4.5, 3, 0.42, 7.6, 4, 5.7, 5, 
5.7, 5.7, 1.5, 4.9, 5.4, 5.5, 6.8, 3.9, 4.7, 3.9, 7, 3.7, 3.7, 
6.1, 3.9, 5.5, 4.5, 8.5, 1.5, 4.3, 2.1, 4.7, 6.2, 9.1, 9.7, 2.7, 
9.5, 5.6, 0.8, 7.9, 0.38, 7.8, 7.5, 6.6, 0.51, 0.7, 4.8, 0.23, 
1.4, 9.3, 1.1, 2.1, 7.5, 0.88, 5, 0.71, 0.9, 5.8, 4.4, 6.5, 3.3, 
3.9, 7.5, 5.9, 3, 8.3, 5.1, 5.3, 5, 0.95, 9.1, 1.5, 6.1, 0.61, 
1.9), x2 = c(4.8, 8.93, 4.62, 8.85, -0.285, 5.03, 6.41, 1.5, 
0.8, 4.48, 6.72, 3.51, -0.391, 4.25, 6.12, 5.47, 2.11, -0.808, 
3.85, 5.57, 8.46, 2.42, 8.71, -1.21, 2.59, 5.22, 7.04, 1.81, 
3.25, 6.06, 5.63, -0.234, -1.48, 2.7, 0.0341, 5.34, 8.63, 0.509, 
-0.591, 5.15, 8.13, 0.327, 7.2, 4.84, 8.02, 3.67, 5.83, 6.36, 
6.13, -1.78, 4.78, 1.77, 8.48, 7.38, 3.96, 2.71, 4.39, 3.44, 
-0.432, -0.873, -1.68, 5.32, -1.94, 3.57, -1.9, -0.857, 8.15, 
8.78, 5.08, 2.21, 7.1, -1.65, 7.43, 2.95, 0.454, 1.77, 2.01, 
5.69, 0.152, 8.37, -0.741, 6.24, 8.26, -1.5, 3.14, -0.207, 8.01, 
2.16, 2.19, 3.9, 1.11, 1.09, -0.878, -1.31, 8.27, 1.25, 2.32, 
6.66, 5.21, 0.344), x3 = c(11.9, 14.9, 9.65, 7.79, 12.4, 10.9, 
10.8, 12.5, 8.64, 13.4, 9.13, 10.3, 8.2, 7.5, 14, 9.01, 14, 13.3, 
8.96, 12.7, 10.3, 9.73, 14.5, 8.84, 9.66, 12.7, 12.1, 14.8, 8.95, 
6.95, 9.32, 7.81, 9.08, 12.5, 6.96, 6.2, 14, 11.5, 8.53, 6.28, 
14, 12.1, 12, 11.8, 9.64, 6.23, 9.34, 13.3, 9.02, 8.42, 7.34, 
7.58, 7.43, 13, 13, 6, 14.1, 9.52, 6.11, 10.3, 12.7, 10.4, 14.3, 
9.34, 6.04, 11.2, 7.45, 14.5, 8.81, 7.98, 10.5, 13.6, 12.4, 11.7, 
9.73, 13.5, 11.1, 12.8, 6.54, 14.5, 8.64, 9.26, 14.8, 7.01, 9.92, 
11.3, 9.45, 8.78, 6.51, 9.04, 10.3, 10.5, 9.96, 11.3, 9.08, 10.7, 
12.2, 6.93, 7.99, 11.5), y = c(0L, 1L, 0L, 0L, 28L, 0L, 0L, 5L, 
2L, 0L, 0L, 0L, 26L, 0L, 0L, 0L, 3L, 26L, 0L, 0L, 0L, 2L, 0L, 
8L, 3L, 0L, 1L, 5L, 1L, 0L, 0L, 22L, 29L, 1L, 15L, 0L, 0L, 5L, 
20L, 0L, 0L, 15L, 0L, 0L, 0L, 0L, 0L, 0L, 0L, 40L, 0L, 2L, 0L, 
0L, 1L, 0L, 0L, 1L, 39L, 61L, 33L, 0L, 68L, 0L, 84L, 8L, 0L, 
0L, 0L, 1L, 0L, 47L, 0L, 0L, 17L, 1L, 0L, 0L, 1L, 0L, 10L, 0L, 
0L, 31L, 0L, 8L, 0L, 2L, 3L, 0L, 6L, 9L, 29L, 27L, 0L, 7L, 1L, 
0L, 0L, 5L)), class = "data.frame", row.names = c(NA, -100L))
