structure(list(speed = c(4, 4, 7, 7, 8, 9, 10, 10, 10, 11, 11, 
12, 12, 12, 12, 13, 13, 13, 13, 14, 14, 14, 14, 15, 15, 15, 16, 
16, 17, 17, 17, 18, 18, 18, 18, 19, 19, 19, 20, 20, 20, 20, 20, 
22, 23, 24, 24, 24, 24, 25), dist = c(2.2, 10.05, 4.2, 21.96, 
16.06, 9.92, 17.8, 25.9, 33.8, 17.2, 27.9, 13.8, 20.1, 23.8, 
27.8, 26.08, 34.1, 34.03, 46.1, 25.8, 36.05, 60.1, 79.8, 19.8, 
26.2, 53.8, 31.92, 40.04, 31.98, 39.9, 49.8, 42.1, 55.95, 76.03, 
83.998, 36.04, 46.03, 67.8, 31.995, 48.02, 52.02, 56.09, 63.94, 
65.98, 53.95, 70.1, 91.93, 92.93, 120.05, 84.94)), row.names = c(NA, 
-50L), class = "data.frame")
