structure(list(speed = c(4, 4, 7, 7, 8, 9, 10, 10, 10, 11, 11, 
12, 12, 12, 12, 13, 13, 13, 13, 14, 14, 14, 14, 15, 15, 15, 16, 
16, 17, 17, 17, 18, 18, 18, 18, 19, 19, 19, 20, 20, 20, 20, 20, 
22, 23, 24, 24, 24, 24, 25), dist = c(2.2, 9.8, 4.2, 22.2, 15.8, 
9.93, 18.1, 26.01, 33.91, 16.9, 28.1, 13.91, 19.99, 24.009, 27.8, 
25.8, 34.2, 33.8, 45.8, 25.98, 35.91, 60.007, 80.1, 19.95, 25.9, 
54.2, 32.03, 39.8, 32.002, 39.96, 49.8, 42.08, 55.8, 76.2, 84.04, 
36.2, 45.98, 67.98, 31.97, 47.8, 52.2, 55.8, 63.91, 65.9, 53.97, 
69.97, 91.9, 92.9, 119.9, 84.8)), row.names = c(NA, -50L), class = "data.frame")
