structure(list(speed = c(4, 4, 7, 7, 8, 9, 10, 10, 10, 11, 11, 
12, 12, 12, 12, 13, 13, 13, 13, 14, 14, 14, 14, 15, 15, 15, 16, 
16, 17, 17, 17, 18, 18, 18, 18, 19, 19, 19, 20, 20, 20, 20, 20, 
22, 23, 24, 24, 24, 24, 25), dist = c(2.4, 10.1, 4.4, 21.92, 
16.1, 9.8, 17.5, 25.8, 33.5, 17.5, 27.7, 13.6, 20.3, 23.7, 27.6, 
26.2, 34.3, 34.06, 46.2, 25.6, 36.1, 60.3, 79.5, 19.5, 26.5, 
53.5, 31.8, 40.07, 31.95, 39.8, 49.5, 42.3, 55.9, 76.07, 83.996, 
36.07, 46.07, 67.7, 31.991, 48.04, 52.05, 56.2, 63.9, 65.97, 
53.9, 70.2, 91.9, 92.9, 120.1, 84.9)), row.names = c(NA, -50L
), class = "data.frame")
