structure(list(speed = c(4, 4, 7, 7, 8, 9, 10, 10, 10, 11, 11, 
12, 12, 12, 12, 13, 13, 13, 13, 14, 14, 14, 14, 15, 15, 15, 16, 
16, 17, 17, 17, 18, 18, 18, 18, 19, 19, 19, 20, 20, 20, 20, 20, 
22, 23, 24, 24, 24, 24, 25), dist = c(1.9, 9.992, 4.2, 22.05, 
16.2, 10.2, 18.2, 25.8, 33.999, 16.995, 28.2, 13.8, 19.94, 24.02, 
28.005, 25.9, 34.008, 34.1, 46.07, 26.2, 36.09, 60.2, 79.9, 20.2, 
26.2, 53.94, 32.2, 40.007, 31.8, 40.1, 50.2, 42.08, 55.92, 76.1, 
83.8, 36.2, 45.8, 67.9, 32.2, 47.96, 52.04, 55.98, 63.8, 66.2, 
53.96, 70.2, 91.8, 92.95, 120.2, 84.8)), row.names = c(NA, -50L
), class = "data.frame")
