structure(list(speed = c(4, 4, 7, 7, 8, 9, 10, 10, 10, 11, 11, 
12, 12, 12, 12, 13, 13, 13, 13, 14, 14, 14, 14, 15, 15, 15, 16, 
16, 17, 17, 17, 18, 18, 18, 18, 19, 19, 19, 20, 20, 20, 20, 20, 
22, 23, 24, 24, 24, 24, 25), dist = c(1.8, 10.07, 3.9, 21.9, 
15.8, 10.2, 17.8, 25.96, 33.8, 16.8, 27.8, 14.2, 20.2, 24.2, 
27.96, 26.02, 33.9, 33.9, 46.2, 26.2, 36.1, 59.9, 80.05, 19.991, 
25.8, 53.91, 31.9, 40.007, 32.1, 40.2, 49.91, 41.9995, 56.1, 
76.2, 83.9, 35.8, 45.8, 67.96, 32.2, 48.2, 51.8, 56.2, 64.2, 
66.1, 54.07, 70.09, 92.03, 93.2, 119.8, 85.2)), row.names = c(NA, 
-50L), class = "data.frame")
