structure(list(speed = c(4, 4, 7, 7, 8, 9, 10, 10, 10, 11, 11, 
12, 12, 12, 12, 13, 13, 13, 13, 14, 14, 14, 14, 15, 15, 15, 16, 
16, 17, 17, 17, 18, 18, 18, 18, 19, 19, 19, 20, 20, 20, 20, 20, 
22, 23, 24, 24, 24, 24, 25), dist = c(1.8, 10.1, 3.93, 22.1, 
15.98, 9.93, 17.8, 25.8, 33.8, 16.8, 27.8, 13.97, 20.07, 23.95, 
28.1, 26.1, 33.97, 33.9, 46.04, 26.2, 35.99, 59.8, 80.001, 20.1, 
26.02, 53.98, 32.2, 39.8, 31.8, 39.92, 50.02, 41.9, 56.2, 75.8, 
83.8, 36.1, 46.05, 68.01, 31.95, 47.93, 52.2, 55.8, 63.9, 66.2, 
53.99, 69.9, 91.8, 93.1, 119.8, 85.2)), row.names = c(NA, -50L
), class = "data.frame")
