structure(list(x1 = c(0.95, 6.5, 3.1, 2.7, 0.3, 9.3, 0.61, 4.1, 
0.41, 1.9, 1.4, 9.1, 9.1, 9.2, 4.1, 5.3, 2.9, 2.1, 9.1, 8.7, 
7.2, 2.4, 6.1, 4.8, 0.3, 3.1, 2.3, 5.1, 7.8, 9.7, 3.2, 5, 7.5, 
8.4, 2.6, 0.29, 1.9, 4.2, 9.4, 9.3, 0.057, 8.6, 10, 7.5, 6.4, 
6.8, 5.6, 9.7, 1.2, 8.1, 1.7, 8.4, 0.8, 8.6, 1.8, 7.9, 5.1, 3.4, 
9.5, 6.1, 4.8, 4.8, 7.9, 9.9, 0.62, 3.4, 6.4, 1.5, 6.4, 8.2, 
0.94, 9.8, 8.1, 3.8, 7.8, 7.1, 5.7, 1.4, 5.9, 2.1, 3.3, 3.2, 
2, 5.1, 6.6, 1.4, 9.3, 1.3, 7.6, 9.2, 2.2, 0.098, 1.1, 2.5, 6.9, 
4.6, 2.9, 1.2, 9.4, 7.4), x2 = c(6.87, 0.366, 4.42, -0.387, 0.62, 
4.93, 2.59, -1.74, -0.248, 3.97, 5.1, 8.76, -0.385, -1.23, 3.43, 
8.99, 0.969, 4.68, 5.12, 3.38, 1.22, 7.08, 1.13, -1.99, -0.00476, 
4.45, 7.13, -1.62, 4.27, 5.89, 0.909, 7.68, 1.04, 8.5, -0.941, 
3.27, 6.35, 2.21, -1.03, 5.11, 3.7, 7.39, 2.97, 1.66, 2.53, -1.38, 
0.787, 4.68, 6.02, 5.67, -0.261, 6.46, 5.09, 6.92, 7, 2.64, 6.14, 
0.762, 8.19, 0.428, 6.82, -0.559, 2.05, 5.95, 5.03, -1.92, 7.66, 
7.3, 8.48, 3.83, 5.49, 3.21, 8.44, 1.32, 1.35, 4.8, -1.78, 8.81, 
5.6, 1.67, 4.7, -0.328, 8.11, 8.41, 0.682, 2.5, 4.04, 5.32, 6.85, 
6.29, 1.34, 0.967, 6.01, 8.33, 8.63, 2.65, 6.19, 2.89, -0.77, 
2.77), x3 = c(8.99, 10.3, 6.86, 6.04, 10.7, 12.2, 6.88, 11.4, 
10.3, 9.61, 6.56, 7.03, 14.2, 12.9, 7.68, 14.9, 13, 10.7, 12.5, 
11.7, 9.64, 8.33, 12.6, 7.57, 11.4, 13.5, 9, 11, 12.7, 6, 12.2, 
12.6, 9.65, 14.1, 14, 11, 7.86, 7.1, 11.3, 9.07, 10.4, 14.9, 
9.05, 13.6, 13.8, 12.4, 12.1, 13, 10.9, 9.57, 9.98, 10.5, 12.1, 
13.8, 11.3, 9.11, 10.1, 14.8, 7.41, 6.94, 8.32, 6.08, 6.53, 11.4, 
12.2, 12.6, 9.6, 12.7, 11.7, 10.5, 12, 14.2, 9.5, 12.4, 12.2, 
11.5, 14.4, 10.5, 11, 11.1, 10.1, 6.18, 9.51, 11.7, 11.6, 11.1, 
9.94, 14.2, 9.89, 11.1, 10.1, 9.51, 6.54, 8.2, 9.92, 8.54, 11.4, 
14.2, 9.05, 11.3), y = c(0L, 20L, 0L, 4L, 1L, 0L, 0L, 50L, 5L, 
0L, 0L, 0L, 47L, 73L, 1L, 0L, 2L, 0L, 0L, 3L, 9L, 0L, 2L, 54L, 
3L, 0L, 0L, 48L, 0L, 1L, 9L, 0L, 7L, 0L, 23L, 0L, 0L, 2L, 62L, 
0L, 1L, 0L, 2L, 5L, 4L, 55L, 11L, 2L, 0L, 0L, 6L, 1L, 0L, 0L, 
0L, 6L, 0L, 7L, 0L, 12L, 1L, 28L, 4L, 0L, 0L, 39L, 0L, 0L, 0L, 
1L, 2L, 2L, 0L, 2L, 9L, 0L, 54L, 0L, 0L, 0L, 0L, 11L, 0L, 0L, 
7L, 1L, 1L, 0L, 0L, 0L, 5L, 5L, 0L, 0L, 0L, 0L, 0L, 0L, 71L, 
1L)), class = "data.frame", row.names = c(NA, -100L))
