structure(list(x1 = c(2.4, 4.8, 8.5, 6, 9.1, 8.8, 9.1, 0.38, 
5, 4.9, 8.9, 1.2, 3.9, 5.4, 5.1, 2.2, 5.2, 7.6, 6.4, 8.5, 6.8, 
8.9, 2.1, 9.4, 8.3, 3.9, 9.7, 5.1, 0.21, 7.6, 8.3, 6.6, 3.3, 
7, 1.3, 8.7, 0.65, 2.6, 8.5, 4.2, 5.7, 4.5, 0.48, 9.1, 4.3, 9.1, 
0.88, 4.1, 8.8, 1.6, 6.4, 0.61, 2.4, 5.3, 6.7, 7.7, 8.5, 8.4, 
0.32, 7.6, 0.26, 9.7, 5.2, 3.7, 2.4, 3.1, 1.9, 7.2, 1.5, 9.6, 
0.85, 8.9, 4.4, 8.7, 6.4, 5.2, 7.1, 6.3, 7.6, 4.8, 9.2, 3.9, 
6.2, 8.7, 1.4, 5.2, 1, 4.1, 9.4, 6.5, 9.1, 8.9, 3.8, 6.7, 8.3, 
7, 8.2, 3.9, 0.97, 9.8), x2 = c(8.82, 4.1, 4.04, 3.29, 6.76, 
3.71, 3.86, 6.31, 5.55, 6.84, 1.02, 5.44, 0.824, 0.643, -0.426, 
5.07, 0.685, 0.726, 8.12, 0.04, 3.69, 7.05, 7.09, 5.11, 1.84, 
-0.47, 6.41, -1.65, 4.67, 6.96, 0.201, 4.17, 3.72, 4.19, 3.25, 
3.16, 8.17, 0.655, 7.48, 7.16, 0.051, 5.46, -1.11, 7.1, -0.92, 
-1.19, 5.64, 0.564, 4.91, 8.25, 1.16, 7.99, 5.24, 5.26, 4.72, 
1.66, 7.56, 5.73, -1.77, 4.42, 5.77, 0.486, 2.84, -0.829, 4.57, 
-1.73, 3.41, 3.26, 4.41, -1.02, 5.32, -0.184, 6.15, -0.404, 1.11, 
0.802, 3.99, 0.136, 1.18, 5.26, -1.15, 3.57, 0.82, 2.28, 6, 0.978, 
3.03, 2.29, 3.79, 7.8, 7.32, 8.75, 4.83, 6.48, 8.05, 5.44, 1.96, 
-0.469, 3.16, -1.98), x3 = c(11.9, 12.1, 6.13, 7.67, 10.1, 7.33, 
6.81, 14.7, 7.62, 8.3, 8.33, 10.2, 13, 8.94, 14.2, 11.6, 11.9, 
13, 9.74, 7.58, 6.92, 11.6, 13.3, 10.6, 7.61, 12, 13.7, 13.6, 
10.9, 14.9, 7.53, 6.77, 10.9, 14.2, 9.65, 7.95, 6.26, 8.01, 6.02, 
9.8, 14.2, 12.9, 8.16, 14.9, 8.22, 14.9, 8.64, 14.6, 12.9, 12.2, 
6.32, 8.37, 6.91, 12.6, 11.3, 12.4, 12, 14.4, 6.39, 10.9, 6.11, 
10.1, 12, 14.2, 10, 12.1, 11.2, 9.09, 14.5, 10.2, 14.2, 9.34, 
11.8, 7.59, 9.02, 14.4, 8.44, 10.3, 13.7, 13.3, 7.13, 10.1, 7.73, 
13.8, 6.58, 14.8, 9.29, 7.47, 9.77, 10.5, 8.31, 13, 9.41, 14.6, 
8.73, 10.7, 12.9, 12.5, 9.41, 7.7), y = c(0L, 0L, 1L, 1L, 0L, 
0L, 1L, 0L, 0L, 0L, 11L, 0L, 8L, 7L, 18L, 0L, 8L, 14L, 0L, 28L, 
1L, 0L, 0L, 0L, 7L, 14L, 0L, 52L, 0L, 0L, 28L, 1L, 1L, 1L, 0L, 
3L, 0L, 5L, 0L, 0L, 20L, 1L, 16L, 0L, 24L, 75L, 0L, 10L, 3L, 
0L, 7L, 0L, 0L, 2L, 0L, 7L, 0L, 0L, 17L, 0L, 0L, 22L, 3L, 18L, 
1L, 39L, 0L, 0L, 0L, 56L, 0L, 25L, 0L, 35L, 8L, 7L, 1L, 15L, 
8L, 2L, 44L, 1L, 12L, 7L, 0L, 5L, 2L, 3L, 2L, 0L, 0L, 0L, 0L, 
0L, 0L, 0L, 3L, 12L, 0L, 144L)), class = "data.frame", row.names = c(NA, 
-100L))
