structure(list(x1 = c(1.7, 7.5, 3.7, 7, 4.6, 3.6, 0.16, 1.4, 
0.31, 1, 0.74, 4.3, 6.4, 4.1, 8, 7.7, 4.5, 2.1, 5.8, 8.1, 4.7, 
0.37, 5, 7, 5.3, 4.5, 9.4, 1.7, 1.3, 3.4, 5.5, 2.8, 9.9, 0.23, 
1.5, 7.7, 5.9, 5.2, 3.9, 3.5, 9.4, 1.5, 2.2, 8.9, 4.8, 2.4, 0.8, 
7.1, 0.83, 9.5, 2.1, 8, 2.3, 9.5, 6.9, 7.9, 8.3, 6, 5.9, 9.5, 
6.1, 1.8, 3.7, 3.3, 0.26, 8.3, 6, 8, 0.6, 2.8, 2.8, 8, 9.6, 3.5, 
9.1, 9.3, 4.5, 7.9, 7.1, 9.4, 5.9, 1.5, 0.19, 6.1, 9.5, 3.4, 
3.1, 5.9, 9.1, 6.2, 7.3, 0.66, 0.84, 3.3, 1.6, 4.8, 2, 5.5, 5.1, 
3), x2 = c(1.43, 4.8, 2.11, 0.716, 8.13, 0.796, -1.95, 7.36, 
3.51, 4.18, 8.93, 0.17, 0.192, 3.7, 2.54, 7.35, 0.349, 4.89, 
8.34, 3.99, 2.17, 1.57, -1.8, 3.29, -1.63, 8.44, 7.64, 0.81, 
8.66, 5.98, 1.41, -0.445, 1.57, 1.89, 6.9, 2.15, 4.29, -1.22, 
0.00372, -0.442, 4.58, 5.45, 7.24, -1.71, 3.26, -0.254, 8.04, 
1.9, 3.62, 7.5, 3.6, 7.56, 1.08, -0.628, -2, 5.78, -0.247, 5.79, 
0.955, 2.24, 3.83, 5.82, 3.94, -1.8, 8.52, 6.07, 2.37, 0.586, 
6.87, 5.2, 4.03, 8.05, 4.38, -1.46, 7.11, 2.21, 0.819, 3.25, 
-1.55, 2.5, 6.19, 0.905, 4.5, 1.92, 7.83, -0.0927, 5.3, 7.24, 
2.55, 3.79, 4.01, 3.69, 0.851, -0.684, 5.52, 7.55, 1.38, 3.79, 
1.03, 2.67), x3 = c(7.31, 6.19, 11.8, 8.46, 12.9, 13.8, 14.5, 
9.92, 14.9, 10, 12.1, 6.19, 6.08, 10.8, 7.13, 6.43, 13, 6.42, 
12.8, 12.2, 13.4, 8.49, 8.62, 7.36, 13.7, 8.96, 8.53, 7.31, 12.3, 
10.8, 12.6, 14.3, 8.54, 7.09, 12.9, 9.54, 7.47, 8.74, 6.01, 9.34, 
7.03, 13, 12.7, 13.6, 13.1, 7.18, 7.5, 9.99, 14.4, 7.31, 8.64, 
10.8, 10.5, 9.52, 8.15, 6.37, 13, 8.25, 6.45, 14.8, 14.4, 9.18, 
7.47, 11, 9.39, 8.03, 8.32, 6.58, 14.7, 6.86, 13, 8.92, 8.98, 
10.3, 7.54, 9.42, 8.46, 8.01, 13.9, 11.3, 9.29, 8.32, 11.9, 11.8, 
10.8, 6.29, 13.2, 10.1, 6.78, 8.88, 10.7, 12.7, 11.1, 9.22, 11.6, 
13.7, 10.3, 6.31, 6.8, 15), y = c(2L, 0L, 1L, 9L, 0L, 7L, 21L, 
0L, 1L, 0L, 0L, 3L, 21L, 1L, 3L, 0L, 9L, 0L, 0L, 2L, 2L, 1L, 
46L, 3L, 45L, 0L, 0L, 2L, 0L, 0L, 3L, 14L, 8L, 0L, 0L, 3L, 0L, 
39L, 4L, 11L, 1L, 0L, 0L, 82L, 0L, 10L, 0L, 8L, 0L, 0L, 0L, 0L, 
6L, 51L, 75L, 0L, 25L, 0L, 5L, 9L, 2L, 0L, 2L, 44L, 0L, 0L, 3L, 
17L, 0L, 0L, 1L, 0L, 0L, 31L, 0L, 9L, 5L, 1L, 66L, 2L, 0L, 1L, 
0L, 6L, 0L, 7L, 0L, 0L, 2L, 1L, 2L, 0L, 1L, 20L, 0L, 0L, 2L, 
0L, 5L, 0L)), class = "data.frame", row.names = c(NA, -100L))
