structure(list(speed = c(4, 4, 7, 7, 8, 9, 10, 10, 10, 11, 11, 
12, 12, 12, 12, 13, 13, 13, 13, 14, 14, 14, 14, 15, 15, 15, 16, 
16, 17, 17, 17, 18, 18, 18, 18, 19, 19, 19, 20, 20, 20, 20, 20, 
22, 23, 24, 24, 24, 24, 25), dist = c(2.03, 10.1, 4.08, 21.9, 
16.1, 10.2, 17.96, 25.8, 33.8, 17.2, 27.8, 13.91, 20.05, 24.2, 
28.02, 25.8, 33.95, 33.8, 46.1, 26.09, 36.05, 59.9, 80.2, 19.9, 
26.1, 54.2, 31.995, 39.8, 31.9, 39.8, 50.1, 42.07, 56.2, 75.8, 
84.2, 36.2, 45.998, 67.8, 32.07, 47.9, 52.1, 56.06, 64.02, 66.07, 
53.8, 69.8, 91.9, 92.994, 119.95, 84.8)), row.names = c(NA, -50L
), class = "data.frame")
