structure(list(x1 = c(2.4, 5.1, 1.2, 7.6, 4.7, 9.1, 0.51, 9.9, 
8.9, 4.2, 6.4, 2.8, 3.8, 3.8, 5.6, 5, 2.2, 4.6, 3.4, 5.6, 3.9, 
9.3, 7.6, 6.4, 8.6, 8.7, 0.22, 5.2, 9.1, 7.1, 8.6, 5.6, 3.8, 
1.5, 4.9, 6.6, 6, 8.8, 4.4, 8.7, 7.3, 0.48, 9, 0.71, 9.5, 6.4, 
8.2, 1.5, 0.71, 4.8, 4.5, 5.6, 2.4, 7.5, 2.7, 6.1, 3.3, 7.2, 
6.1, 7.7, 9.4, 8.3, 4.2, 9.6, 1.3, 0.79, 5.9, 7.4, 3.8, 0.85, 
2.4, 0.78, 0.18, 2.3, 4.2, 2.4, 9.1, 7.4, 7.1, 3.9, 4, 5.4, 5.6, 
5.7, 6.9, 9.3, 6.2, 6.8, 2.5, 1, 2.3, 2, 2.5, 8.4, 2.3, 7.2, 
6.1, 0.029, 6.6, 5.2), x2 = c(7.27, 0.63, 2.71, 6.59, -1.53, 
6.14, 2.16, 1.14, 4.39, 4.01, 5.46, 4.74, 3.6, -0.227, 7.91, 
1.88, 1.17, 7.31, 2.51, 4.49, 5.57, -1.2, 2.52, -1.91, 3.51, 
-1.83, -1.39, 3.56, 1.18, 5.16, 0.659, 2.35, -1.47, -0.0386, 
0.416, 1.31, 8.36, 6.97, 4.9, 5.38, 2.34, 1.97, -1.06, 3.69, 
4.43, 0.769, -1.38, 3.82, 5.86, -0.355, 6.39, 3.22, 5.93, -0.227, 
5.88, 1.27, 1.14, -0.13, 0.105, 6.19, 0.802, 4.13, 6.03, 4.27, 
8.04, 8.17, 1.72, 0.685, -1.11, 6.4, 5.81, -0.066, -1.65, 1.66, 
2.47, 6.24, 7.66, 5.65, -1.32, 4.96, -0.265, 3.91, 8.35, 5.85, 
7.99, 3.35, 0.935, 5.65, 2.61, 0.0666, 8.64, 1.71, 2.36, -0.819, 
1.85, 0.284, 6.76, 5.94, 8.72, 7.27), x3 = c(8.05, 13.5, 10.8, 
11.2, 11.3, 13, 11.4, 8.94, 10.9, 7.02, 7.16, 7.31, 10.1, 13.9, 
10.6, 7.53, 14.1, 14.7, 10.9, 13.8, 9.01, 7.07, 14.6, 7.95, 13.3, 
9.92, 7.52, 9.63, 12.4, 11.3, 13.5, 14, 8.93, 11.6, 13.1, 14.8, 
13.2, 11.5, 14.3, 7.23, 13.8, 11.4, 7.18, 6.44, 12.8, 12.1, 9.05, 
14.9, 11.7, 7.37, 11, 14.4, 7.95, 12, 9.37, 14.9, 11.3, 11.1, 
14.3, 13.9, 13.4, 8.36, 9.69, 9.91, 10.1, 10.6, 14.7, 13.2, 7.84, 
8.09, 13.4, 13.7, 10.2, 6.94, 6.56, 7.17, 6.25, 10.3, 10, 14.6, 
11.1, 13.5, 12.2, 9.92, 13.4, 14.9, 9.24, 9.09, 12.3, 12.6, 9.42, 
14.8, 8.67, 10.6, 13.9, 6.9, 12, 14.8, 8.88, 7.57), y = c(0L, 
9L, 1L, 0L, 34L, 2L, 2L, 14L, 2L, 0L, 0L, 0L, 0L, 11L, 0L, 1L, 
4L, 0L, 1L, 0L, 1L, 66L, 2L, 79L, 0L, 116L, 16L, 1L, 7L, 0L, 
11L, 3L, 30L, 10L, 5L, 12L, 0L, 0L, 0L, 1L, 3L, 1L, 81L, 0L, 
1L, 7L, 84L, 0L, 0L, 24L, 0L, 0L, 0L, 25L, 0L, 2L, 4L, 24L, 21L, 
0L, 15L, 3L, 0L, 1L, 0L, 0L, 6L, 12L, 21L, 0L, 0L, 2L, 9L, 2L, 
0L, 0L, 0L, 0L, 66L, 0L, 26L, 0L, 0L, 0L, 0L, 2L, 6L, 0L, 0L, 
6L, 0L, 0L, 3L, 40L, 1L, 14L, 0L, 1L, 0L, 0L)), class = "data.frame", row.names = c(NA, 
-100L))
