structure(list(speed = c(4, 4, 7, 7, 8, 9, 10, 10, 10, 11, 11, 
12, 12, 12, 12, 13, 13, 13, 13, 14, 14, 14, 14, 15, 15, 15, 16, 
16, 17, 17, 17, 18, 18, 18, 18, 19, 19, 19, 20, 20, 20, 20, 20, 
22, 23, 24, 24, 24, 24, 25), dist = c(1.9, 10.003, 3.8, 22.1, 
15.99, 10.2, 17.8, 26.2, 34.2, 16.96, 28.07, 13.9, 19.94, 23.94, 
28.03, 25.999, 33.9, 33.98, 45.92, 26.03, 35.95, 60.2, 80.1, 
20.07, 26.2, 54.2, 31.8, 40.01, 32.2, 40.1, 50.2, 42.03, 55.94, 
75.8, 83.993, 36.08, 46.05, 68.2, 31.97, 48.2, 52.1, 55.8, 64.2, 
65.8, 54.2, 70.07, 92.2, 92.8, 119.8, 84.99)), row.names = c(NA, 
-50L), class = "data.frame")
