structure(list(x1 = c(5.6, 7.2, 6.7, 2.3, 7.4, 9.1, 4.3, 0.036, 
1.1, 8.6, 0.091, 3.1, 6.1, 8.1, 5.4, 1.9, 4.1, 0.65, 7, 6.8, 
6, 3.1, 8.7, 2.8, 7.7, 8.6, 4.9, 0.6, 3.1, 1.8, 7, 6.4, 8.5, 
0.018, 8.3, 9.6, 5, 2, 6.3, 3, 7.2, 6.2, 5.3, 6.4, 1.4, 0.7, 
2.6, 4.9, 4, 2, 0.1, 7.8, 0.8, 4.9, 0.74, 8.5, 5.2, 6.5, 7.5, 
5.1, 5.7, 2.8, 0.59, 1.6, 3.5, 2, 0.62, 3.4, 0.68, 2.1, 4.4, 
9.8, 5.7, 1.7, 2.7, 9.2, 4.3, 2.5, 4, 0.9, 7.1, 6.6, 5.1, 6.2, 
9.2, 0.74, 5.1, 5.4, 8.9, 4.3, 9.2, 0.53, 7.9, 1.2, 3.9, 8.4, 
8.6, 1.1, 0.76, 4.4), x2 = c(4.21, 6.27, 6.93, 7.26, 0.14, 2.84, 
6.91, -1.36, 7.69, 1.01, -0.653, -1.47, -1.01, 3.38, 4.55, -1.65, 
2.79, 2.88, 5.14, 8.05, -0.0935, 3.93, 5.76, 3.43, 7.91, 7.24, 
-0.845, 6.7, 8.26, 6.43, 1.41, 4.28, 4.9, -1.72, 0.17, 8.77, 
3.84, 7.9, 0.416, 8.31, 1.94, 1.9, 4.4, -0.663, 1.34, 1.02, 5.13, 
7.08, 5.36, 8.25, -0.771, -0.0502, 1.69, 8.6, -0.386, 3.11, 0.651, 
2.59, 0.0965, 5.25, 8.21, 6.2, 8.87, 4.53, -1.96, -0.901, 3.37, 
8.89, 7.25, 8.59, 3.39, 4.84, 8.12, 3.75, 1.91, -1.36, 3.33, 
4.52, 1.46, 6.36, 5.22, 5.88, 8.94, -1.35, 0.555, 5, -0.501, 
6.56, 2.85, 0.787, 0.285, 4.01, 0.806, 5.92, 5.83, 0.346, 4.82, 
8.83, 2.35, 6.15), x3 = c(11.1, 7.14, 13.9, 6.83, 13, 8.97, 8.15, 
6.11, 10.7, 11.9, 13.1, 7.08, 6.89, 9.72, 8.33, 8.23, 8.61, 6.66, 
7.9, 12.7, 9.42, 13.2, 6.75, 8.75, 10.3, 14.1, 10.7, 12.6, 12, 
12.5, 7.57, 7.87, 10.7, 13.9, 11.2, 8.62, 12.5, 13.2, 14.7, 14.5, 
6.13, 7.96, 12.3, 14.1, 11.2, 14.7, 7.41, 9.65, 8.82, 9.12, 10.3, 
13.8, 7.49, 9.71, 7.61, 10.9, 13.1, 14.4, 13, 12.7, 13, 10.1, 
8.76, 6.38, 14.5, 9.64, 8.61, 7.54, 9.74, 6.38, 9.26, 14.2, 13.8, 
11.8, 9.13, 12.7, 12, 14.4, 11.1, 11, 9.57, 12.7, 11.7, 7.04, 
14.9, 7.89, 13.1, 13.4, 13, 12.2, 9.57, 10.1, 12.3, 8.32, 14.7, 
14.3, 6, 9.04, 10.2, 7.65), y = c(1L, 0L, 0L, 0L, 20L, 6L, 0L, 
14L, 0L, 11L, 7L, 25L, 31L, 3L, 0L, 26L, 3L, 0L, 0L, 0L, 19L, 
1L, 0L, 0L, 0L, 0L, 27L, 0L, 0L, 0L, 7L, 0L, 0L, 27L, 25L, 0L, 
0L, 0L, 8L, 0L, 3L, 4L, 1L, 21L, 0L, 1L, 0L, 0L, 0L, 0L, 9L, 
24L, 1L, 0L, 4L, 2L, 5L, 1L, 13L, 0L, 0L, 0L, 0L, 0L, 41L, 14L, 
0L, 0L, 0L, 0L, 0L, 0L, 0L, 0L, 3L, 70L, 1L, 0L, 0L, 0L, 0L, 
0L, 0L, 39L, 12L, 0L, 17L, 0L, 8L, 6L, 14L, 0L, 13L, 0L, 1L, 
11L, 0L, 0L, 0L, 0L)), class = "data.frame", row.names = c(NA, 
-100L))
