structure(list(x1 = c(3, 3.1, 5.4, 5, 5.5, 2, 5.5, 4.4, 0.74, 
5.3, 8.4, 0.68, 4.9, 4.7, 7.2, 4.9, 1.8, 5.9, 2.3, 2.1, 6.5, 
8.1, 3.4, 5.7, 2, 8.2, 1.4, 6.2, 6.9, 5.3, 4.2, 0.07, 4.5, 5.1, 
4.6, 6.5, 9.8, 2.6, 5.2, 9.3, 0.25, 7.2, 2.8, 4.4, 6.6, 0.26, 
1.2, 8.8, 2.2, 4.3, 0.97, 3.9, 1.8, 7.7, 3.2, 8.2, 4.7, 7.9, 
0.7, 3.4, 5.7, 1.2, 7.1, 4.3, 5.9, 8.1, 4.9, 2.7, 0.38, 0.88, 
2.3, 8.5, 4.2, 7.1, 5, 3.7, 8.7, 2.9, 5.1, 1.4, 3.4, 9.5, 5.8, 
5, 0.99, 6.3, 3.2, 8.7, 3.6, 4.1, 3.5, 3.7, 5.5, 7.6, 2.2, 8.6, 
3.9, 9, 1.6, 8.9), x2 = c(3.61, -0.136, 0.336, 6.36, 2.81, 6.87, 
-1.36, 2.64, 4.79, -1.58, 5.27, -0.0389, 1.78, 1.58, 2.58, 6, 
-1.88, -1.98, -1.92, -1.26, 0.64, 4.88, 7.41, 8.76, -1.25, 4.44, 
7.13, 0.135, 3.09, 8.44, 8.19, 2.42, 0.258, 1.4, 7.55, 0.664, 
1.73, 2.49, -0.157, -1.95, -0.861, 8.96, -1.48, 5.07, 4.67, -0.431, 
1.31, 5.09, 4.17, 7.15, 4.96, 1.84, 4.68, 7.67, -1.46, -1.83, 
7.02, 8.23, 1.99, 4.58, 0.0976, 0.526, 8.8, 3.76, 0.446, 3.65, 
8.88, 4.56, 8.26, 7.02, 4.18, 3.15, 2.21, 6.07, 0.711, 7.15, 
7.62, 4.49, 3.13, -0.0619, 0.288, -1.53, 7.71, 2.66, 4.59, 1.85, 
2.93, -1.82, -1.63, 4, 4.12, -1.05, 3.33, -1.65, 8.36, 1.89, 
8.61, 8.97, 6.39, 1.48), x3 = c(14.8, 11, 11, 10.9, 10.2, 9.97, 
8.43, 13, 6.77, 12.2, 6.67, 7.76, 8.87, 13.3, 15, 11.5, 8.61, 
13.1, 8.81, 7.22, 14.3, 14.5, 11.4, 12.8, 9.47, 11.1, 13.3, 9.05, 
6.51, 10.1, 9.61, 9.41, 7.06, 7.16, 13.1, 8.7, 10.5, 6.86, 6.17, 
8.99, 6.16, 14.1, 6.24, 13.8, 9.34, 13.3, 9.47, 11.8, 14.9, 8.03, 
14.5, 12.5, 7.91, 12.8, 6.07, 10.9, 7.53, 8.24, 12.9, 9.78, 7.24, 
6.94, 13.9, 7.05, 12.1, 6.3, 13.5, 9.18, 7.37, 14.9, 14.7, 7.06, 
6.79, 7.64, 14.9, 10.3, 8.03, 11.6, 10.1, 8.51, 9.8, 8.48, 8.85, 
14.4, 12.9, 14.7, 10, 9.71, 7.58, 8.56, 11.2, 13.7, 14.3, 6.42, 
7.39, 11.2, 11.4, 13.6, 11, 6.64), y = c(1L, 10L, 8L, 0L, 1L, 
0L, 36L, 0L, 0L, 44L, 0L, 4L, 4L, 0L, 2L, 0L, 27L, 81L, 45L, 
15L, 11L, 0L, 0L, 0L, 16L, 0L, 0L, 14L, 2L, 0L, 0L, 2L, 15L, 
3L, 0L, 9L, 9L, 1L, 12L, 125L, 4L, 0L, 14L, 1L, 2L, 7L, 1L, 0L, 
0L, 0L, 0L, 2L, 0L, 0L, 22L, 98L, 0L, 0L, 0L, 0L, 12L, 5L, 0L, 
1L, 10L, 0L, 0L, 0L, 0L, 0L, 0L, 0L, 0L, 0L, 6L, 0L, 0L, 0L, 
1L, 1L, 8L, 110L, 0L, 2L, 0L, 5L, 2L, 138L, 27L, 0L, 2L, 31L, 
0L, 57L, 0L, 5L, 0L, 0L, 0L, 8L)), class = "data.frame", row.names = c(NA, 
-100L))
