structure(list(speed = c(4, 4, 7, 7, 8, 9, 10, 10, 10, 11, 11, 
12, 12, 12, 12, 13, 13, 13, 13, 14, 14, 14, 14, 15, 15, 15, 16, 
16, 17, 17, 17, 18, 18, 18, 18, 19, 19, 19, 20, 20, 20, 20, 20, 
22, 23, 24, 24, 24, 24, 25), dist = c(1.9, 9.91, 4.02, 22.0003, 
16.03, 9.9, 18.03, 25.97, 33.8, 17.01, 28.2, 13.8, 19.995, 23.98, 
28.1, 25.997, 33.8, 34.04, 45.9, 25.9, 36.07, 60.2, 79.92, 20.04, 
25.8, 54.2, 31.8, 40.06, 32.1, 40.01, 49.96, 41.8, 55.97, 76.006, 
83.98, 36.07, 46.2, 67.9, 32.01, 48.2, 51.8, 56.1, 63.9, 65.97, 
54.08, 69.8, 91.8, 93.2, 119.9, 84.96)), row.names = c(NA, -50L
), class = "data.frame")
