structure(list(x1 = c(4.5, 5.2, 1.5, 5.3, 1.6, 1.1, 1.9, 3.8, 
3.8, 9.7, 2.1, 7.1, 0.45, 8.1, 2.6, 9.5, 6.7, 0.37, 7.5, 2.2, 
4.7, 7.8, 3.6, 4.6, 8.3, 9.1, 5.3, 0.62, 5.8, 9.7, 3.8, 1.1, 
3, 0.55, 8.7, 4.6, 4.5, 1.8, 9.3, 4.6, 1.2, 7.9, 9.1, 7.5, 0.17, 
7.5, 1.1, 5.1, 0.75, 9.8, 7.4, 9.9, 5.2, 6.8, 9, 7.7, 0.44, 2.1, 
5.4, 7.7, 9.4, 0.41, 2.1, 6.7, 4.6, 5.4, 1.6, 1.2, 6, 7.3, 1.3, 
0.96, 2.3, 7.8, 0.23, 9.4, 5.2, 5.9, 2.8, 7.5, 0.47, 1.6, 1.4, 
1.2, 8.2, 2.5, 4.4, 0.78, 2, 0.97, 7.5, 6.8, 2.3, 0.65, 3.7, 
3, 9.6, 7.3, 0.78, 4.5), x2 = c(4.97, -1.79, 3.81, 7.7, 1.35, 
-1.48, -0.158, 1.13, 1.12, 5.73, 3.38, 0.624, 0.323, 5.7, 6.87, 
8.34, 6.03, 6.21, 0.886, 2.2, 7.41, 2.03, 7.09, -1.46, 5.8, 5.67, 
1.44, 0.137, 5.14, 5.21, 3.68, 2.85, 9, 2.84, 5.83, 0.231, -0.134, 
0.033, 6.04, 7.88, 3.86, 7.88, 0.523, 6.77, 5.51, 2.58, 5.94, 
4.63, 0.579, -1.26, 7.18, 5.91, 1.89, -1.43, 0.386, 0.0935, 5.52, 
5.71, 0.143, 5.44, 7.61, -1.16, 1.44, -0.482, 7.86, 7.7, 4.14, 
7.5, 2.27, 8.72, 4.4, 5.36, 2.01, 6.33, -1.48, 4.31, 6.75, -0.132, 
-0.449, -1.37, 8.19, -0.526, 0.871, 2.93, 1.98, 2.88, 3.44, -1.18, 
3.33, 8.26, -2, 2.37, 7.06, 4.63, 7.02, 1.64, 8.94, 3.21, 2.4, 
8.56), x3 = c(8.65, 10.8, 6.05, 12, 12.5, 7.91, 8.46, 14.4, 6.67, 
11, 6.89, 6.79, 12.6, 8.76, 9.77, 9.46, 9.5, 14.3, 13.8, 6.39, 
8.17, 8.16, 8.88, 9.14, 11.9, 6.55, 11.1, 7.75, 10.1, 7.5, 8.84, 
12.8, 10.2, 13.4, 6.92, 8.11, 7.93, 11.5, 8.32, 7.06, 14.6, 10.1, 
12.8, 6.18, 11.2, 7.33, 9.69, 9.54, 9.55, 8.06, 12.4, 14.6, 12.2, 
7.83, 12.7, 8.7, 13.1, 7.83, 6.04, 11.6, 11.8, 12.9, 6.45, 6.04, 
7.9, 8.51, 13, 6.03, 9.61, 6.16, 8.77, 13.6, 7.03, 8.34, 10.4, 
12.4, 13.4, 13.7, 9.01, 13.3, 13.9, 12.1, 14, 10.6, 10.1, 11.7, 
8.37, 14.1, 6.89, 6.64, 6.13, 12.6, 7.11, 8.83, 10.3, 9.23, 7.77, 
11.5, 9.93, 15), y = c(0L, 44L, 0L, 0L, 2L, 7L, 7L, 5L, 4L, 0L, 
0L, 15L, 2L, 1L, 0L, 0L, 2L, 0L, 12L, 2L, 0L, 3L, 0L, 39L, 0L, 
0L, 3L, 2L, 0L, 0L, 0L, 1L, 0L, 1L, 2L, 8L, 13L, 3L, 0L, 0L, 
0L, 0L, 18L, 1L, 0L, 4L, 0L, 0L, 0L, 88L, 0L, 0L, 1L, 60L, 21L, 
19L, 0L, 0L, 13L, 0L, 0L, 11L, 1L, 25L, 0L, 0L, 0L, 0L, 2L, 0L, 
0L, 1L, 0L, 0L, 16L, 3L, 0L, 14L, 8L, 56L, 0L, 12L, 3L, 1L, 3L, 
1L, 0L, 22L, 0L, 0L, 91L, 3L, 0L, 0L, 0L, 2L, 0L, 0L, 0L, 0L)), class = "data.frame", row.names = c(NA, 
-100L))
