structure(list(speed = c(4, 4, 7, 7, 8, 9, 10, 10, 10, 11, 11, 
12, 12, 12, 12, 13, 13, 13, 13, 14, 14, 14, 14, 15, 15, 15, 16, 
16, 17, 17, 17, 18, 18, 18, 18, 19, 19, 19, 20, 20, 20, 20, 20, 
22, 23, 24, 24, 24, 24, 25), dist = c(1.98, 10.01, 3.8, 22.01, 
15.8, 9.8, 17.8, 25.94, 33.94, 17.2, 27.9, 14.1, 19.8, 24.2, 
27.9, 26.2, 34.09, 33.8, 46.1, 25.9, 35.98, 60.1, 79.93, 19.98, 
26.2, 54.2, 32.01, 39.8, 32.04, 40.2, 49.94, 41.8, 55.9, 75.8, 
84.2, 35.98, 45.98, 67.8, 32.2, 47.98, 51.8, 56.1, 64.2, 66.1, 
53.8, 70.1, 91.8, 93.003, 119.8, 85.2)), row.names = c(NA, -50L
), class = "data.frame")
