structure(list(x1 = c(0.036, 1.1, 7.9, 9.5, 2, 9.4, 4.4, 6.8, 
8.7, 4.4, 9.3, 6.9, 5, 5.2, 4.5, 5.1, 7.8, 8.1, 4.8, 0.29, 6, 
9.6, 8.7, 7.6, 0.18, 8.2, 0.019, 1.9, 5.4, 9.3, 2, 5.9, 3.7, 
9.7, 1.5, 6.2, 7.6, 1, 5.5, 1.6, 8.1, 6.7, 7.7, 3.2, 3.8, 4, 
8.8, 6, 6.7, 5.3, 3.7, 5.9, 3.5, 8.3, 0.81, 6.2, 0.78, 0.2, 7.1, 
8.4, 8.4, 8.2, 4, 6.5, 6.1, 3.3, 9.4, 1.8, 9.6, 4.3, 6.8, 0.22, 
3.4, 3.4, 5, 1, 0.86, 3.2, 4.8, 4.3, 2.1, 2.9, 5.3, 1.5, 0.5, 
8.1, 3, 4.9, 4.1, 2.5, 2.4, 5.7, 5, 4.4, 4.7, 8.3, 2.8, 2.5, 
8.5, 9.3), x2 = c(3.24, 3.33, 0.221, 3.14, 6.19, -1.23, 0.789, 
3.26, -0.626, 7.59, 0.812, 2.68, 5.63, -0.209, 0.549, 6.39, 3.95, 
0.769, 6.53, 0.303, 8.16, 6.91, 4.1, 4.69, 6.37, -0.281, 5.89, 
5.3, 8.24, 8.9, 2.28, 5.11, 2.79, 5.27, 0.868, -1.84, 1.38, 6.09, 
-0.669, -1.19, 5.55, -1.17, -1.55, 8.27, 3.74, -1.79, 4.09, 1.19, 
5.97, -1.82, 5.17, 3.16, 2.75, 2.44, 5.24, 7.65, 6.14, -0.648, 
8.14, 7.23, 0.769, 3.43, 8.21, 5.82, 0.365, 1.44, 2.47, 0.946, 
2.13, 4.69, 1.39, 3.94, 0.731, 8.46, 0.62, 2.07, 7.73, 4.86, 
8.93, 2.98, 8.62, 5.17, 4.51, 4.69, 6.84, -1.42, 7.98, 7.38, 
-1.43, 8.96, 2.49, 1.77, 5.05, 5.48, 1.4, 4.22, 8.13, 0.0221, 
3.04, 5.07), x3 = c(11.9, 6.3, 12.1, 7.26, 11.7, 13.9, 13.2, 
9.17, 12.4, 13.5, 8, 14.2, 15, 10.7, 13.7, 12.9, 9.89, 6.75, 
10.5, 14.3, 7.88, 8.74, 8.88, 7.99, 14, 14.8, 14.4, 12.9, 11.9, 
10.2, 7.04, 14.8, 9.58, 13.5, 14.8, 10.3, 10.1, 14.7, 14.2, 9.13, 
11.2, 10.3, 9.6, 6.79, 9.09, 7.21, 6.96, 9.69, 13.1, 9.16, 6.88, 
9.9, 10.8, 9.06, 12.2, 7.01, 10.1, 7.45, 6.18, 9.33, 10.9, 14.2, 
14.7, 12.6, 13.1, 14.3, 12, 14.2, 10.1, 7.75, 11.7, 12.3, 8.61, 
8, 9.68, 8.8, 14.7, 8.73, 9.89, 14.1, 14.8, 8.62, 14.9, 9.71, 
13, 14.5, 14.2, 6.08, 12.9, 6.48, 13.5, 7.83, 10.2, 8.36, 10.8, 
6.59, 14.3, 13, 13.4, 10.1), y = c(0L, 1L, 20L, 2L, 0L, 64L, 
11L, 2L, 48L, 0L, 14L, 4L, 0L, 15L, 10L, 0L, 3L, 12L, 0L, 3L, 
0L, 1L, 2L, 0L, 0L, 22L, 1L, 0L, 0L, 0L, 1L, 1L, 1L, 0L, 0L, 
65L, 5L, 0L, 21L, 22L, 1L, 56L, 62L, 0L, 0L, 39L, 1L, 7L, 2L, 
50L, 0L, 2L, 0L, 5L, 0L, 0L, 0L, 5L, 0L, 0L, 19L, 0L, 0L, 0L, 
16L, 1L, 2L, 3L, 4L, 1L, 8L, 0L, 8L, 0L, 3L, 0L, 0L, 0L, 0L, 
2L, 0L, 0L, 0L, 1L, 0L, 68L, 0L, 0L, 31L, 0L, 1L, 2L, 0L, 0L, 
7L, 0L, 0L, 5L, 1L, 0L)), class = "data.frame", row.names = c(NA, 
-100L))
