structure(list(speed = c(4, 4, 7, 7, 8, 9, 10, 10, 10, 11, 11, 
12, 12, 12, 12, 13, 13, 13, 13, 14, 14, 14, 14, 15, 15, 15, 16, 
16, 17, 17, 17, 18, 18, 18, 18, 19, 19, 19, 20, 20, 20, 20, 20, 
22, 23, 24, 24, 24, 24, 25), dist = c(1.8, 9.8, 4.1, 22.2, 15.8, 
10.2, 17.97, 26.09, 34.2, 16.97, 28.2, 14.1, 19.998, 24.01, 27.97, 
26.004, 34.1, 34.2, 45.992, 25.8, 36.05, 60.2, 80.2, 20.1, 25.8, 
54.2, 31.8, 39.8, 32.02, 40.2, 49.8, 42.04, 55.94, 76.2, 83.8, 
36.06, 46.1, 67.8, 32.03, 47.8, 52.2, 56.08, 64.1, 65.91, 53.94, 
69.95, 92.2, 93.05, 120.09, 85.01)), row.names = c(NA, -50L), class = "data.frame")
