structure(list(speed = c(4, 4, 7, 7, 8, 9, 10, 10, 10, 11, 11, 
12, 12, 12, 12, 13, 13, 13, 13, 14, 14, 14, 14, 15, 15, 15, 16, 
16, 17, 17, 17, 18, 18, 18, 18, 19, 19, 19, 20, 20, 20, 20, 20, 
22, 23, 24, 24, 24, 24, 25), dist = c(2.05, 9.9, 4.1, 22.02, 
15.8, 10.2, 18.2, 26.2, 34.1, 16.9, 28.2, 13.96, 20.2, 23.94, 
28.2, 26.07, 34.02, 33.9, 45.93, 25.8, 36.07, 60.09, 80.1, 20.07, 
26.1, 53.96, 31.8, 39.8, 31.9, 40.09, 50.03, 41.8, 56.005, 75.9, 
83.8, 35.98, 45.91, 68.2, 31.97, 48.2, 52.07, 55.97, 64.2, 66.03, 
53.8, 69.9, 92.03, 93.2, 120.2, 84.96)), row.names = c(NA, -50L
), class = "data.frame")
