structure(list(x1 = c(5.9, 2.7, 7.8, 5.3, 0.96, 9.2, 9.7, 9.5, 
7.6, 2.2, 8.4, 4.2, 8.4, 3.8, 9.9, 6.3, 5.4, 2.4, 3.6, 1.4, 6.4, 
6.9, 7.9, 6.4, 7.4, 4.2, 1.8, 0.56, 2.6, 6.8, 5.6, 1.6, 5.1, 
2.2, 1.4, 4.7, 3.3, 8.5, 4.3, 8.5, 6.3, 4.3, 8.4, 5.7, 1.2, 2.7, 
5.6, 10, 9, 4.2, 3.5, 9.6, 1.9, 0.61, 3.7, 4.6, 8.4, 9.6, 4.4, 
0.13, 6.6, 3.1, 7.1, 8.4, 3.8, 4.3, 2.1, 2, 3.1, 1.5, 0.82, 8, 
3.3, 9.6, 1.7, 6.7, 7.9, 4.9, 0.064, 0.66, 0.12, 5.5, 3.6, 4.4, 
5.2, 6, 9, 0.6, 9, 2, 4.1, 6.4, 7.1, 7.5, 1.5, 5, 6.1, 6.5, 3.7, 
4.2), x2 = c(8.87, 4.77, 2.05, 3.4, 7.6, 8.73, 8.49, 5.09, 7.35, 
2.78, 3.21, 5.67, 6.01, 6.13, 8.07, 0.982, 2.02, 4.58, 7.48, 
7.76, 7.76, 7.22, 8.07, 3.84, -0.926, 1.8, 0.0712, 3.19, 7.95, 
1.44, 5.18, 7.95, 0.0377, 8.33, 3.88, 8.49, 1.69, -0.71, 6.86, 
4.44, 2.2, 7.57, 2.41, 4.05, -1.85, 1.27, 8.32, 2.45, 6.1, 0.761, 
4.2, 4.28, -0.31, 3.47, 4.36, -0.0753, 6.16, 7.57, 6.07, 8.53, 
6.75, -1.4, 6.53, -0.741, 2.06, 1.69, 7.78, -0.457, 7.09, 6.25, 
2.7, 7.58, 6.23, 1.35, 0.894, 5.64, -0.765, 7.61, -1.81, -1.63, 
2.09, 0.372, 6.15, 3.1, 1.12, -1.95, 2.81, 1.33, 6.61, -1.39, 
1.59, 2.01, 0.756, 7.37, 5.26, 3.74, 1.93, 0.88, 1.29, -1.41), 
    x3 = c(6.33, 13.5, 12.7, 6.93, 12, 6.35, 10.9, 7.15, 7.71, 
    8.58, 6.38, 8.94, 12.9, 12.3, 8.74, 9.7, 10, 13.2, 14.9, 
    6.89, 6.58, 11.7, 10.4, 12.1, 10.3, 13.1, 9.92, 7.49, 11.8, 
    14.5, 10.3, 6.69, 13.9, 9.17, 12.8, 7.49, 10.3, 14.8, 13.8, 
    11.6, 10.4, 11.5, 13.1, 11.1, 8.99, 10.2, 13.7, 10.8, 12.1, 
    6.56, 13.4, 10.9, 11.2, 10.6, 13.7, 13, 11.1, 11.8, 7.61, 
    10.4, 7.08, 13.4, 8.13, 11.3, 10.8, 8.59, 10.8, 13.8, 14.9, 
    10.9, 10.7, 14.4, 9.74, 7.58, 9.2, 11.5, 10.2, 11.2, 11.8, 
    9.6, 14.4, 6.39, 14.8, 9.19, 8.07, 7.39, 14.6, 14.2, 8.43, 
    6.48, 13.4, 9.96, 6.12, 6.05, 6.07, 7.96, 10.4, 6.13, 8.98, 
    8.17), y = c(0L, 0L, 4L, 1L, 0L, 0L, 0L, 0L, 0L, 0L, 2L, 
    0L, 1L, 0L, 0L, 7L, 0L, 1L, 0L, 0L, 0L, 0L, 0L, 1L, 39L, 
    3L, 3L, 0L, 0L, 7L, 0L, 0L, 12L, 0L, 1L, 0L, 4L, 39L, 0L, 
    0L, 3L, 0L, 5L, 0L, 19L, 0L, 0L, 6L, 0L, 4L, 0L, 1L, 6L, 
    0L, 0L, 13L, 0L, 0L, 0L, 0L, 0L, 25L, 0L, 43L, 1L, 3L, 1L, 
    13L, 0L, 0L, 1L, 0L, 1L, 12L, 3L, 0L, 43L, 0L, 19L, 14L, 
    1L, 10L, 0L, 2L, 5L, 75L, 5L, 1L, 1L, 21L, 4L, 3L, 8L, 0L, 
    0L, 1L, 4L, 16L, 2L, 36L)), class = "data.frame", row.names = c(NA, 
-100L))
