structure(list(x1 = c(0.29, 6.3, 9.4, 2.3, 1.7, 9.7, 6.9, 7.3, 
6.3, 7, 8.7, 7.4, 3, 1.4, 9.2, 4.2, 1.6, 6.5, 7.8, 3.8, 5.9, 
3.3, 1.5, 10, 9.8, 2.1, 9.6, 7.2, 4.7, 2.1, 6.5, 7.2, 7.5, 9.6, 
1.4, 7.4, 0.16, 6.3, 3.5, 3.1, 2.5, 6.8, 7.5, 0.8, 6, 2.1, 9.2, 
9.6, 0.87, 8.3, 4.6, 7.4, 5.2, 3.2, 9.6, 9.1, 4.6, 0.27, 7.8, 
7.6, 7.2, 7.3, 0.9, 1.1, 0.98, 3.1, 3.6, 9.6, 2.8, 7.6, 6.5, 
6.3, 8.8, 8.2, 7.5, 1.1, 4.4, 4.2, 5.8, 7.2, 5.1, 1.7, 3.1, 3.4, 
8.3, 5.5, 2.9, 4, 8.3, 6.7, 7.7, 5.2, 8.3, 4.3, 6.7, 3.5, 6.2, 
0.36, 1.2, 2.3), x2 = c(3.02, -1.79, 8.07, 4.4, 2.49, 4.5, 0.76, 
6.99, 2.06, -0.454, 3.88, -0.939, 7.66, 0.928, -0.104, 2.87, 
0.424, 1.04, -1.34, 8.86, 4.89, 0.819, 8.34, 4.52, 4.88, 2.8, 
2.75, 4.84, 6.67, 4.3, -0.178, 8.79, 8.6, -1.98, -1.97, 5.3, 
5, 0.854, 2.67, 7.8, -1.31, 3.95, 4.7, 0.851, 5.71, 0.0837, 1.68, 
0.757, 4.79, -1.07, 1.73, -2, -1.97, 4.04, -0.472, 6.42, 2.04, 
-0.942, -1.04, 6.49, 8.56, -0.49, 4.29, -1.33, -1.88, 5.23, 8.1, 
7.65, 5.32, 3.96, -0.344, -1.24, 4.25, 2.43, 6.3, 6.74, 3.62, 
6.14, 6.41, 4.54, 7.27, 4.67, 7.18, 6.5, 6.13, 1.79, 0.379, -1.63, 
1.3, 4.96, -0.772, 3.56, -0.464, 5.83, 3.49, 6.25, 5.33, 5.75, 
8.35, 1.17), x3 = c(8.76, 12.7, 8.81, 13, 10.5, 14.7, 11.1, 13.8, 
7.23, 14.5, 9.1, 7.92, 12.1, 9.8, 6.54, 7.6, 8.6, 12.3, 6.9, 
8.86, 6.48, 7.84, 6.03, 11.4, 9.9, 6.94, 7.33, 12.9, 10.1, 10.9, 
6.99, 11.9, 11.1, 7.49, 12.7, 13.1, 11.1, 11.5, 12.3, 10.6, 6.97, 
12, 13.2, 6.61, 13.6, 6.42, 14.5, 7.71, 13.7, 6.97, 7.33, 6.53, 
7.05, 14.6, 14, 12.9, 13.4, 9.54, 14.4, 9.64, 10.5, 14.5, 14.5, 
8.26, 9.9, 10.1, 11.2, 11.1, 12.6, 8.47, 7.32, 14.7, 14.1, 13, 
10.7, 11.5, 11, 7.3, 8.64, 13.4, 8.2, 8.8, 12.7, 8.23, 9.99, 
11.5, 10.5, 13.3, 8.41, 9.34, 14.4, 11, 12.7, 10.4, 14.3, 8.24, 
11.8, 12, 12.5, 12.1), y = c(1L, 73L, 0L, 0L, 0L, 2L, 7L, 0L, 
2L, 21L, 1L, 35L, 0L, 3L, 22L, 1L, 3L, 9L, 68L, 0L, 0L, 4L, 0L, 
2L, 2L, 0L, 5L, 0L, 0L, 0L, 16L, 0L, 0L, 128L, 20L, 0L, 0L, 11L, 
1L, 0L, 27L, 1L, 2L, 1L, 0L, 3L, 9L, 17L, 0L, 59L, 6L, 85L, 47L, 
0L, 36L, 0L, 3L, 10L, 48L, 0L, 0L, 27L, 0L, 15L, 31L, 0L, 0L, 
0L, 0L, 3L, 18L, 44L, 0L, 2L, 0L, 0L, 0L, 0L, 0L, 0L, 0L, 0L, 
0L, 1L, 1L, 2L, 0L, 37L, 13L, 0L, 33L, 0L, 31L, 0L, 1L, 0L, 0L, 
0L, 0L, 3L)), class = "data.frame", row.names = c(NA, -100L))
