structure(list(speed = c(4, 4, 7, 7, 8, 9, 10, 10, 10, 11, 11, 
12, 12, 12, 12, 13, 13, 13, 13, 14, 14, 14, 14, 15, 15, 15, 16, 
16, 17, 17, 17, 18, 18, 18, 18, 19, 19, 19, 20, 20, 20, 20, 20, 
22, 23, 24, 24, 24, 24, 25), dist = c(1.8, 10.07, 4.2, 21.9, 
15.8, 10.2, 18.09, 26.1, 34.06, 17.1, 28.2, 14.1, 19.9, 23.8, 
28.2, 25.96, 33.8, 34.08, 46.1, 25.94, 36.04, 59.92, 79.8, 20.2, 
26.2, 53.9, 32.2, 40.1, 31.98, 39.9, 50.07, 42.1, 56.1, 76.2, 
83.8, 36.1, 45.8, 68.06, 31.92, 47.91, 51.9, 56.09, 64.1, 65.8, 
54.05, 69.9, 92.2, 93.2, 119.8, 85.2)), row.names = c(NA, -50L
), class = "data.frame")
