structure(list(speed = c(4, 4, 7, 7, 8, 9, 10, 10, 10, 11, 11, 
12, 12, 12, 12, 13, 13, 13, 13, 14, 14, 14, 14, 15, 15, 15, 16, 
16, 17, 17, 17, 18, 18, 18, 18, 19, 19, 19, 20, 20, 20, 20, 20, 
22, 23, 24, 24, 24, 24, 25), dist = c(2.08, 10.2, 3.91, 22.07, 
16.1, 10.2, 18.1, 25.8, 33.94, 17.2, 27.91, 14.2, 20.1, 23.9, 
28.02, 25.9, 33.93, 34.2, 45.94, 25.9, 35.9, 59.8, 79.91, 20.2, 
25.98, 53.8, 32.2, 40.006, 31.94, 40.03, 49.9, 41.98, 55.8, 76.02, 
83.95, 36.04, 45.8, 67.8, 31.8, 47.8, 52.03, 56.2, 64.2, 65.8, 
53.8, 70.1, 91.92, 93.2, 120.03, 85.1)), row.names = c(NA, -50L
), class = "data.frame")
