structure(list(x1 = c(6.5, 9.3, 3.2, 6.5, 7, 8.2, 7.2, 1.4, 3.8, 
8.3, 3.3, 8, 7.6, 2.9, 5.5, 2.1, 3.7, 9, 3.9, 2.2, 2.7, 2, 3.1, 
8.8, 4.6, 1.2, 8.1, 5.1, 3.9, 5.5, 2.3, 4.6, 1.5, 5.4, 4.1, 5.7, 
1.6, 1, 1.7, 0.76, 5.7, 8.1, 9.4, 0.62, 0.74, 7.7, 3.4, 8, 5.6, 
7.5, 7, 2.6, 2.6, 4.1, 9.7, 3.9, 4.6, 4.6, 8.2, 1.6, 2.7, 2.3, 
4.5, 6.2, 0.5, 9.9, 1.9, 2.3, 7.9, 5.7, 7.7, 7.2, 9.7, 9.8, 1.8, 
0.3, 3.1, 8.2, 9.8, 7.5, 8.7, 2.3, 8.8, 9.7, 0.36, 8.2, 1.7, 
8.8, 5, 0.54, 9.8, 8.7, 4.5, 9.3, 3.1, 6, 3.5, 3.3, 2.6, 8.9), 
    x2 = c(4.48, 1.19, 4.1, 2.59, 5.75, 7.46, 5.5, 1.98, 8.99, 
    5.61, 4.49, 4.53, 8.02, 0.221, 6.05, 2.06, 4.61, -1.92, 7.79, 
    8.63, 0.694, -1.78, 8.99, -0.258, 2.5, 1.3, 2.37, -1.8, 8.13, 
    2.95, -1.77, 0.749, 5.86, 6.89, 0.259, 2.52, 5.25, 2.24, 
    -0.152, 0.838, -0.872, -1.14, -0.0632, 0.574, 5.94, -1.21, 
    2.05, -1.12, 0.137, -0.23, 0.238, 6.35, 0.121, 4.63, -1.91, 
    8.17, 1.01, -0.617, 2.2, 2.09, 5.63, 7.36, 1.94, -0.323, 
    1.05, 6.59, 5.28, 5, 7.96, 6.84, 6.05, 4.05, 7.2, -1.6, 6.35, 
    1.03, 5.02, 1.16, 5.28, 2.59, -1.69, 2.35, 5.94, 7.65, 7.16, 
    0.121, 8.21, -1.65, -1.36, 4.03, -0.765, -0.454, 7.55, 1.46, 
    8.95, 8.27, 5.21, 2.39, 3.71, 4.15), x3 = c(6.41, 13.5, 13, 
    7.85, 12.6, 8.24, 11.4, 12.4, 11.2, 7.28, 8.41, 8.3, 9.82, 
    11.1, 6.28, 6.49, 7.99, 7.79, 13.9, 14.8, 14.6, 12.9, 10.9, 
    7.5, 10.8, 13.6, 13.6, 7.28, 11.4, 12.3, 9.52, 12.2, 12.2, 
    12.9, 14.6, 12.6, 12.3, 12.7, 11.8, 6.68, 9.48, 12.7, 14.9, 
    11.9, 8.67, 8.58, 10.3, 14.9, 6.17, 10.5, 12.6, 13.1, 7.37, 
    14.6, 9.61, 9.77, 6.62, 12.2, 10.8, 9.61, 7.57, 6.75, 7.45, 
    14.6, 7.56, 14.6, 14.4, 9.69, 9.92, 10, 7.03, 8, 13.2, 10.4, 
    9.27, 6.5, 8.78, 12.1, 7.5, 13.5, 8.4, 7.15, 7.45, 11.7, 
    14.2, 12.9, 6.97, 6.55, 8.25, 8.4, 14.7, 13.1, 12.4, 11, 
    10.6, 11.2, 9.24, 6.55, 6.97, 14), y = c(0L, 16L, 0L, 3L, 
    0L, 0L, 0L, 0L, 0L, 0L, 0L, 0L, 0L, 9L, 1L, 0L, 0L, 128L, 
    0L, 0L, 5L, 24L, 0L, 27L, 0L, 1L, 4L, 48L, 0L, 2L, 35L, 3L, 
    0L, 0L, 3L, 4L, 0L, 3L, 1L, 1L, 27L, 55L, 29L, 5L, 0L, 63L, 
    0L, 55L, 11L, 19L, 19L, 0L, 11L, 0L, 147L, 0L, 8L, 19L, 5L, 
    3L, 0L, 0L, 3L, 18L, 0L, 0L, 0L, 0L, 0L, 0L, 1L, 0L, 0L, 
    139L, 0L, 2L, 0L, 11L, 0L, 4L, 71L, 0L, 0L, 0L, 0L, 18L, 
    0L, 87L, 43L, 0L, 68L, 37L, 0L, 4L, 0L, 1L, 0L, 1L, 1L, 0L
    )), class = "data.frame", row.names = c(NA, -100L))
