structure(list(x1 = c(7.6, 0.35, 7.2, 5.6, 3, 5.9, 3.2, 5.3, 
1.2, 7.7, 1.7, 5.8, 5.2, 8.3, 2.5, 7.2, 9.7, 2.3, 5.4, 8.3, 6.2, 
7.1, 1.6, 2.4, 1.5, 5.3, 5.2, 3.6, 2.2, 4.7, 0.45, 5.2, 9.5, 
7.2, 4.1, 0.67, 8.9, 8.5, 1.5, 8.2, 4.1, 7.5, 9.5, 0.0067, 9.4, 
7.7, 1.3, 9, 2.2, 4.5, 6.9, 2.4, 4.1, 7.9, 6, 9.9, 9.4, 5, 0.65, 
3.7, 8.4, 2.7, 8.1, 2.4, 4.5, 8.7, 4.4, 3.6, 1.1, 8.7, 6.4, 6.4, 
0.2, 2.6, 4.4, 6.1, 10, 1.2, 7.7, 1.8, 0.85, 5.7, 8.2, 2.6, 8.2, 
2.1, 2.1, 8, 5.7, 1.8, 2.9, 5.9, 2.9, 8.5, 3.4, 4, 3.5, 9.3, 
5.3, 0.85), x2 = c(8.4, -0.442, 5.49, 8.59, 5.06, 6.86, 3.56, 
2.32, 4.7, 6.76, -1.24, 6.83, 3.76, 7.25, 3.34, 3.17, 8.85, 0.581, 
1.15, 7.87, 0.178, 0.148, 0.428, 5.2, 4.88, 2.79, 6.18, 1.49, 
1.98, 1.48, 3.89, 3.49, 2.7, 2.53, 0.248, 3.42, 5.41, 0.428, 
-1.59, 2.84, 6.29, 6.96, 8.07, -0.358, 5.88, 5.39, 1.81, 3.07, 
-1.42, 3.29, 3.76, -1.78, 7.89, -1, 4.04, 4.33, -0.975, -0.346, 
8.45, 3.77, 7.56, -1.29, 6.38, 5.32, 7.91, 6.34, -0.508, 1.43, 
-1.22, 1.82, 7.15, 1.84, 2.15, 5.41, 6.91, 4.95, 8.16, 3.31, 
4.22, 7.66, 6.61, 5.85, 7.8, 4.25, 3.74, 0.475, 7.12, 0.253, 
5.37, -1.02, 8.52, 5.79, 3.41, 8.85, 6.93, 5.27, -0.026, 2.15, 
8.78, 8.94), x3 = c(13, 12.4, 12.7, 7.21, 11.5, 6.15, 12.6, 8.68, 
13.7, 7.06, 13.6, 9.46, 7.78, 10.7, 14.9, 10.4, 9.71, 7.38, 9.39, 
8.21, 7.13, 14.6, 14.9, 13.4, 12.9, 14.1, 13.5, 8.07, 10.2, 9.1, 
6.82, 6.58, 8.12, 8.78, 12.2, 11.1, 12.4, 11.9, 6.15, 13.5, 12.4, 
11.9, 6.02, 10, 8.33, 14.2, 14.1, 11.3, 14.8, 7.1, 14.4, 10.7, 
11.6, 6.1, 7.14, 13.6, 12.1, 12.8, 11, 9.28, 14.2, 9.2, 12.4, 
10.7, 14.6, 10.4, 7.79, 8.95, 11.5, 14.5, 12.1, 9.62, 11.8, 8.9, 
9.52, 6.9, 11.2, 9.9, 6.39, 12.5, 10.2, 11.4, 14.9, 9.6, 8.38, 
9.24, 14.8, 10.9, 14.7, 6.42, 10.5, 12.2, 6.3, 13.8, 13, 10.7, 
9.38, 12.9, 10.6, 9.96), y = c(0L, 2L, 0L, 0L, 0L, 0L, 1L, 0L, 
0L, 1L, 14L, 0L, 0L, 0L, 1L, 2L, 0L, 2L, 3L, 0L, 15L, 18L, 7L, 
0L, 0L, 2L, 0L, 3L, 0L, 7L, 0L, 0L, 6L, 3L, 8L, 1L, 1L, 14L, 
26L, 5L, 0L, 0L, 0L, 7L, 0L, 0L, 0L, 1L, 19L, 2L, 1L, 26L, 0L, 
44L, 4L, 2L, 56L, 24L, 0L, 0L, 0L, 28L, 0L, 0L, 0L, 0L, 19L, 
1L, 19L, 8L, 0L, 4L, 0L, 0L, 0L, 0L, 0L, 0L, 0L, 0L, 1L, 0L, 
0L, 1L, 0L, 6L, 0L, 12L, 0L, 16L, 0L, 0L, 1L, 0L, 0L, 0L, 8L, 
5L, 0L, 0L)), class = "data.frame", row.names = c(NA, -100L))
