structure(list(speed = c(4, 4, 7, 7, 8, 9, 10, 10, 10, 11, 11, 
12, 12, 12, 12, 13, 13, 13, 13, 14, 14, 14, 14, 15, 15, 15, 16, 
16, 17, 17, 17, 18, 18, 18, 18, 19, 19, 19, 20, 20, 20, 20, 20, 
22, 23, 24, 24, 24, 24, 25), dist = c(2.1, 9.8, 4.1, 22.03, 15.9, 
10.04, 17.91, 26.01, 33.8, 17.1, 27.8, 14.04, 20.01, 24.2, 27.9, 
26.1, 34.2, 33.9, 46.02, 26.2, 36.06, 60.1, 79.8, 19.9, 25.8, 
54.02, 32.01, 39.93, 31.9, 39.99, 49.8, 42.008, 56.2, 76.1, 83.96, 
35.8, 46.2, 68.2, 31.8, 48.2, 51.96, 56.1, 64.2, 65.8, 54.2, 
70.1, 91.8, 93.2, 119.9, 84.97)), row.names = c(NA, -50L), class = "data.frame")
